1,1,603.00,79.54,58.67,59.12,0.43,-1,-1,-1
2,1,592.00,90.92,66.00,60.00,0.46,-1,-1,-1
3,1,574.00,103.58,72.67,76.08,0.45,-1,-1,-1
4,1,534.00,126.67,92.67,102.33,0.47,-1,-1,-1
4,2,370.67,135.75,98.00,83.08,0.42,-1,-1,-1
5,3,458.33,171.33,129.33,127.00,0.47,-1,-1,-1
5,4,584.00,97.67,68.67,70.00,0.45,-1,-1,-1
5,5,261.50,181.17,132.83,103.33,0.45,-1,-1,-1
5,6,467.00,80.33,85.33,78.33,0.43,-1,-1,-1
6,6,429.33,92.83,96.00,85.00,0.47,-1,-1,-1
6,7,251.33,283.50,236.00,233.17,0.49,-1,-1,-1
6,8,30.33,267.50,215.67,166.50,0.48,-1,-1,-1
6,9,542.67,127.17,87.33,82.33,0.47,-1,-1,-1
6,10,546.00,66.58,64.00,43.67,0.43,-1,-1,-1
7,9,568.33,126.08,70.00,66.42,0.44,-1,-1,-1
7,10,525.67,78.04,67.33,49.96,0.46,-1,-1,-1
7,11,464.33,175.67,123.33,125.00,0.48,-1,-1,-1
7,12,369.33,112.00,117.33,99.33,0.48,-1,-1,-1
8,9,246.67,299.50,230.00,221.17,0.34,-1,-1,-1
8,11,497.33,173.67,99.33,97.00,0.47,-1,-1,-1
8,13,496.00,91.33,76.67,55.67,0.47,-1,-1,-1
8,14,282.83,134.00,154.83,125.00,0.47,-1,-1,-1
8,15,626.00,67.92,54.00,44.67,0.41,-1,-1,-1
9,15,607.33,78.50,61.33,55.00,0.43,-1,-1,-1
9,16,334.00,287.00,175.33,165.33,0.48,-1,-1,-1
9,17,456.00,107.50,89.33,67.67,0.47,-1,-1,-1
9,18,162.00,175.50,196.67,161.00,0.47,-1,-1,-1
10,15,578.33,96.50,78.00,70.17,0.43,-1,-1,-1
10,19,403.00,132.75,106.67,81.58,0.48,-1,-1,-1
10,20,1.00,253.17,217.83,242.83,0.48,-1,-1,-1
11,15,522.00,131.17,104.67,93.00,0.48,-1,-1,-1
11,21,317.50,168.17,139.83,101.00,0.47,-1,-1,-1
12,15,426.33,191.33,148.00,123.67,0.46,-1,-1,-1
12,22,176.33,226.33,196.00,132.67,0.47,-1,-1,-1
13,23,120.17,361.67,322.50,306.00,0.47,-1,-1,-1
13,24,2.33,338.33,208.83,245.33,0.45,-1,-1,-1
14,25,532.00,65.83,60.67,50.83,0.41,-1,-1,-1
16,26,544.67,124.50,79.33,76.17,0.47,-1,-1,-1
16,27,391.33,119.17,102.00,83.67,0.47,-1,-1,-1
16,28,965.33,340.00,209.33,166.00,0.45,-1,-1,-1
17,29,233.00,176.33,159.67,114.00,0.46,-1,-1,-1
17,30,458.67,176.50,113.33,109.00,0.46,-1,-1,-1
17,31,895.33,178.67,108.00,96.33,0.46,-1,-1,-1
17,32,467.33,99.50,70.67,53.67,0.42,-1,-1,-1
18,33,0.08,294.00,187.25,211.33,0.48,-1,-1,-1
18,34,262.67,288.33,206.67,182.67,0.47,-1,-1,-1
18,35,356.67,138.67,101.33,81.33,0.46,-1,-1,-1
18,36,1058.67,396.00,220.00,187.33,0.44,-1,-1,-1
18,37,618.00,70.75,54.67,47.50,0.40,-1,-1,-1
19,38,139.25,224.67,173.75,128.00,0.48,-1,-1,-1
19,39,1122.00,584.67,158.00,135.33,0.46,-1,-1,-1
19,40,921.33,199.17,118.67,93.33,0.46,-1,-1,-1
19,41,584.00,97.50,64.67,58.33,0.43,-1,-1,-1
20,42,964.67,283.33,145.33,121.33,0.48,-1,-1,-1
20,43,518.67,141.83,94.67,80.00,0.46,-1,-1,-1
21,44,380.33,224.83,157.33,134.83,0.49,-1,-1,-1
21,45,898.00,176.00,92.00,72.33,0.48,-1,-1,-1
22,46,1046.67,374.67,226.67,169.33,0.49,-1,-1,-1
22,47,0.00,487.00,307.33,230.33,0.47,-1,-1,-1
23,48,950.00,214.00,121.33,89.67,0.47,-1,-1,-1
23,49,607.33,106.08,63.33,63.75,0.43,-1,-1,-1
24,49,613.00,113.00,70.33,70.50,0.45,-1,-1,-1
24,50,897.33,143.92,81.33,59.42,0.45,-1,-1,-1
25,51,616.00,118.92,78.67,74.08,0.49,-1,-1,-1
25,52,1001.33,329.83,204.00,164.17,0.48,-1,-1,-1
26,51,619.67,125.50,87.00,76.33,0.48,-1,-1,-1
26,53,912.00,191.33,110.67,92.67,0.47,-1,-1,-1
27,51,625.33,129.17,94.67,77.33,0.48,-1,-1,-1
27,54,1121.33,490.33,158.67,219.67,0.47,-1,-1,-1
27,55,868.67,130.00,73.33,65.33,0.44,-1,-1,-1
28,51,631.33,134.42,105.33,80.25,0.48,-1,-1,-1
28,56,972.00,257.00,138.67,108.33,0.46,-1,-1,-1
29,51,643.33,137.33,108.00,83.00,0.47,-1,-1,-1
29,57,909.33,166.33,89.33,68.33,0.47,-1,-1,-1
30,51,654.67,142.58,114.67,85.25,0.46,-1,-1,-1
30,58,1116.67,512.67,163.33,202.00,0.44,-1,-1,-1
30,59,874.00,119.58,65.33,46.17,0.41,-1,-1,-1
31,51,666.33,150.08,123.00,81.92,0.46,-1,-1,-1
31,60,960.67,256.33,132.00,106.33,0.46,-1,-1,-1
31,61,492.00,84.83,72.00,53.67,0.46,-1,-1,-1
32,51,682.00,154.08,134.67,85.58,0.47,-1,-1,-1
32,62,365.00,135.17,116.00,85.67,0.48,-1,-1,-1
32,63,895.33,163.67,82.67,64.33,0.46,-1,-1,-1
33,51,731.33,169.33,146.67,87.00,0.48,-1,-1,-1
33,64,28.50,261.67,254.83,186.67,0.47,-1,-1,-1
34,65,822.00,190.50,172.00,93.67,0.47,-1,-1,-1
35,66,968.67,215.00,184.00,101.00,0.48,-1,-1,-1
35,67,638.33,109.50,109.67,64.83,0.44,-1,-1,-1
36,68,687.33,116.92,129.33,65.42,0.46,-1,-1,-1
36,69,1154.67,242.33,125.33,101.00,0.42,-1,-1,-1
37,70,772.00,122.50,120.00,58.33,0.45,-1,-1,-1
38,70,834.67,121.75,93.33,52.25,0.43,-1,-1,-1
38,71,1129.33,585.00,150.67,135.00,0.48,-1,-1,-1
39,72,976.00,299.83,162.67,136.50,0.48,-1,-1,-1
40,73,913.33,198.83,104.00,82.67,0.43,-1,-1,-1
41,74,1020.67,383.33,225.33,172.00,0.48,-1,-1,-1
42,75,942.00,234.33,124.00,94.67,0.48,-1,-1,-1
43,76,893.33,169.50,90.67,70.33,0.47,-1,-1,-1
44,77,292.83,465.67,343.17,251.67,0.48,-1,-1,-1
44,78,850.00,129.83,74.67,59.00,0.47,-1,-1,-1
45,79,103.75,292.33,221.92,168.00,0.47,-1,-1,-1
46,80,998.67,334.33,196.00,138.67,0.48,-1,-1,-1
46,81,0.00,188.33,130.50,114.00,0.47,-1,-1,-1
47,82,225.67,457.00,338.00,263.00,0.49,-1,-1,-1
47,83,891.33,174.17,101.33,72.00,0.48,-1,-1,-1
48,84,71.25,306.00,223.42,153.33,0.47,-1,-1,-1
49,85,0.50,212.83,121.17,106.67,0.45,-1,-1,-1
50,86,136.92,454.67,299.42,264.67,0.49,-1,-1,-1
51,87,1040.67,410.67,238.67,205.33,0.49,-1,-1,-1
51,88,13.08,286.33,181.92,141.33,0.46,-1,-1,-1
52,89,908.67,204.00,117.33,93.00,0.45,-1,-1,-1
52,90,0.23,189.17,58.60,100.00,0.42,-1,-1,-1
53,91,238.50,400.00,284.83,226.67,0.47,-1,-1,-1
54,92,77.67,258.00,196.67,131.33,0.49,-1,-1,-1
54,93,812.67,88.50,53.33,46.50,0.41,-1,-1,-1
55,94,344.33,407.33,284.67,213.33,0.48,-1,-1,-1
55,95,0.00,177.00,105.25,93.33,0.47,-1,-1,-1
56,96,142.00,269.83,210.00,127.50,0.48,-1,-1,-1
57,97,14.92,192.67,141.33,92.00,0.48,-1,-1,-1
57,98,1078.67,424.33,201.33,263.00,0.48,-1,-1,-1
58,99,911.33,217.83,137.33,102.00,0.47,-1,-1,-1
58,100,0.00,144.33,32.67,63.67,0.41,-1,-1,-1
59,101,829.33,134.00,85.33,70.00,0.45,-1,-1,-1
61,102,969.33,318.33,213.33,166.00,0.48,-1,-1,-1
61,103,367.67,433.00,321.67,225.33,0.48,-1,-1,-1
62,104,152.42,288.83,228.58,144.17,0.48,-1,-1,-1
62,105,877.33,182.67,116.00,95.67,0.46,-1,-1,-1
63,106,7.71,205.67,163.79,103.67,0.48,-1,-1,-1
63,107,826.67,123.33,78.67,60.33,0.41,-1,-1,-1
64,108,0.00,152.50,37.38,65.67,0.44,-1,-1,-1
68,109,1094.67,223.67,168.00,117.33,0.47,-1,-1,-1
69,110,932.00,248.00,212.00,140.00,0.47,-1,-1,-1
70,111,716.00,283.00,280.00,199.33,0.44,-1,-1,-1
73,112,1027.33,149.50,252.67,213.83,0.48,-1,-1,-1
74,112,868.00,149.00,412.00,276.67,0.45,-1,-1,-1
78,113,5.00,409.67,399.67,307.67,0.42,-1,-1,-1
90,114,589.00,69.96,84.67,70.38,0.40,-1,-1,-1
91,114,585.67,82.33,83.33,62.17,0.37,-1,-1,-1
92,114,582.67,87.67,74.00,78.50,0.31,-1,-1,-1
94,115,472.67,140.58,132.00,126.08,0.48,-1,-1,-1
95,116,323.33,218.67,209.33,172.67,0.44,-1,-1,-1
95,117,626.67,61.50,54.67,54.67,0.41,-1,-1,-1
96,117,610.00,71.08,62.00,63.50,0.38,-1,-1,-1
96,118,0.00,408.33,343.33,311.67,0.44,-1,-1,-1
96,119,429.00,124.67,90.67,69.33,0.41,-1,-1,-1
97,120,327.33,159.33,131.33,93.00,0.44,-1,-1,-1
98,121,117.50,237.17,205.67,152.17,0.47,-1,-1,-1
98,122,525.00,81.17,65.33,47.17,0.46,-1,-1,-1
98,123,535.00,114.75,93.33,96.58,0.46,-1,-1,-1
98,124,304.67,127.83,104.00,81.33,0.45,-1,-1,-1
99,125,473.33,103.50,80.67,56.83,0.48,-1,-1,-1
99,126,452.00,156.75,128.00,123.25,0.47,-1,-1,-1
99,127,214.00,160.00,141.67,102.33,0.43,-1,-1,-1
100,128,54.08,216.67,198.25,140.33,0.49,-1,-1,-1
100,129,404.33,133.33,104.67,71.00,0.49,-1,-1,-1
100,130,270.17,248.67,213.17,215.33,0.48,-1,-1,-1
101,131,921.33,277.33,172.00,138.67,0.48,-1,-1,-1
101,132,306.00,176.50,142.67,95.67,0.47,-1,-1,-1
102,133,132.42,250.50,211.58,145.83,0.49,-1,-1,-1
103,134,0.00,419.67,136.08,240.67,0.46,-1,-1,-1
103,135,487.33,164.67,110.00,94.33,0.45,-1,-1,-1
104,136,282.67,298.67,212.67,172.67,0.47,-1,-1,-1
104,137,592.67,98.17,63.33,57.83,0.45,-1,-1,-1
105,138,529.00,144.58,96.67,85.75,0.46,-1,-1,-1
106,139,382.33,242.67,168.67,145.00,0.46,-1,-1,-1
107,140,0.00,570.67,334.17,149.33,0.46,-1,-1,-1
107,141,396.00,129.17,100.67,88.33,0.43,-1,-1,-1
108,142,183.00,214.67,179.67,149.00,0.48,-1,-1,-1
109,143,1028.00,410.00,246.67,191.33,0.44,-1,-1,-1
110,144,928.67,222.67,121.33,91.67,0.46,-1,-1,-1
111,145,860.00,255.33,141.33,112.67,0.48,-1,-1,-1
112,146,796.00,145.92,76.00,58.42,0.42,-1,-1,-1
116,147,976.67,298.33,165.33,131.33,0.48,-1,-1,-1
117,148,885.33,156.00,78.67,68.00,0.46,-1,-1,-1
121,149,1048.67,401.00,229.33,264.00,0.44,-1,-1,-1
122,150,915.33,196.50,118.67,97.00,0.47,-1,-1,-1
124,151,1032.00,384.00,246.67,194.00,0.46,-1,-1,-1
125,152,910.00,181.50,109.33,99.00,0.48,-1,-1,-1
127,153,1043.33,371.00,228.00,183.33,0.47,-1,-1,-1
128,154,910.67,162.92,93.33,78.08,0.44,-1,-1,-1
130,155,194.67,380.00,238.67,178.67,0.48,-1,-1,-1
131,156,79.67,266.00,176.17,121.00,0.48,-1,-1,-1
132,157,0.71,190.00,123.96,89.00,0.46,-1,-1,-1
133,158,120.50,243.33,283.50,331.33,0.41,-1,-1,-1
134,159,34.33,169.83,202.50,209.50,0.48,-1,-1,-1
135,160,0.00,117.33,108.00,145.67,0.46,-1,-1,-1
136,161,216.17,406.00,252.50,193.33,0.48,-1,-1,-1
137,162,79.88,258.83,167.96,116.83,0.46,-1,-1,-1
138,163,130.33,431.67,299.67,255.00,0.49,-1,-1,-1
138,164,0.42,179.33,112.17,83.00,0.47,-1,-1,-1
139,165,0.38,272.67,167.12,134.67,0.44,-1,-1,-1
140,166,1036.67,346.00,217.33,174.00,0.48,-1,-1,-1
141,167,937.33,214.67,126.67,98.67,0.47,-1,-1,-1
142,168,885.33,146.00,84.00,70.67,0.46,-1,-1,-1
143,169,1128.00,535.33,152.00,178.67,0.47,-1,-1,-1
144,170,980.67,287.33,173.33,138.00,0.46,-1,-1,-1
145,171,914.00,179.33,106.67,99.67,0.48,-1,-1,-1
147,172,856.67,102.17,57.33,50.67,0.41,-1,-1,-1
168,173,508.33,83.00,69.33,48.33,0.41,-1,-1,-1
169,173,508.00,83.67,68.67,49.67,0.41,-1,-1,-1
170,173,508.67,82.67,68.67,51.67,0.42,-1,-1,-1
171,173,509.00,82.54,67.33,50.62,0.40,-1,-1,-1
172,173,509.00,83.33,66.67,49.33,0.41,-1,-1,-1
173,173,509.33,83.25,66.00,49.33,0.42,-1,-1,-1
174,173,509.33,83.17,66.67,49.50,0.43,-1,-1,-1
175,173,509.00,83.00,66.67,49.50,0.42,-1,-1,-1
176,173,509.67,82.92,67.33,49.83,0.40,-1,-1,-1
177,173,510.00,83.58,66.67,49.33,0.40,-1,-1,-1
178,173,509.67,83.67,68.00,49.17,0.42,-1,-1,-1
179,173,509.33,83.67,68.00,49.17,0.41,-1,-1,-1
180,173,509.00,82.50,68.00,50.00,0.42,-1,-1,-1
181,173,509.00,79.67,68.00,52.50,0.43,-1,-1,-1
182,173,509.67,83.67,68.00,52.17,0.39,-1,-1,-1
183,173,504.00,86.67,72.67,50.33,0.33,-1,-1,-1
184,173,489.33,92.75,72.00,51.17,0.41,-1,-1,-1
185,173,461.33,103.83,82.00,58.67,0.46,-1,-1,-1
186,173,420.00,121.83,93.33,70.17,0.46,-1,-1,-1
187,174,347.00,153.17,121.33,88.00,0.46,-1,-1,-1
188,175,224.17,202.67,169.17,122.00,0.49,-1,-1,-1
189,176,0.00,301.00,260.67,170.67,0.48,-1,-1,-1
189,177,537.00,126.58,78.67,85.25,0.40,-1,-1,-1
190,178,481.33,147.83,103.33,118.67,0.45,-1,-1,-1
191,179,380.00,204.83,149.33,168.83,0.49,-1,-1,-1
191,180,549.33,130.67,81.33,77.00,0.45,-1,-1,-1
192,181,141.17,326.00,260.17,296.67,0.47,-1,-1,-1
192,182,490.33,168.33,110.00,98.00,0.47,-1,-1,-1
192,183,421.00,128.67,97.33,75.00,0.44,-1,-1,-1
192,184,589.33,105.92,67.33,61.17,0.42,-1,-1,-1
193,185,384.00,233.00,158.00,130.67,0.47,-1,-1,-1
193,186,545.67,134.17,88.00,74.33,0.46,-1,-1,-1
193,187,336.33,164.00,128.00,96.33,0.46,-1,-1,-1
193,188,618.00,75.08,53.33,47.83,0.45,-1,-1,-1
194,189,134.17,377.33,293.17,252.67,0.49,-1,-1,-1
194,190,176.33,231.50,190.67,137.83,0.49,-1,-1,-1
194,191,592.33,89.92,66.67,59.00,0.47,-1,-1,-1
194,192,450.67,93.00,90.67,83.67,0.46,-1,-1,-1
194,193,490.00,177.17,110.67,99.00,0.45,-1,-1,-1
195,194,558.67,113.17,77.33,76.17,0.49,-1,-1,-1
195,195,396.00,113.25,112.00,95.42,0.47,-1,-1,-1
195,196,502.67,86.83,70.00,51.00,0.45,-1,-1,-1
195,197,361.00,261.33,174.67,162.67,0.45,-1,-1,-1
195,198,0.92,376.67,166.25,269.33,0.44,-1,-1,-1
196,199,468.00,102.83,80.67,58.00,0.48,-1,-1,-1
196,200,499.67,150.00,104.00,102.00,0.48,-1,-1,-1
196,201,308.67,139.17,146.67,123.67,0.47,-1,-1,-1
197,202,382.67,215.17,156.00,150.83,0.49,-1,-1,-1
197,203,163.58,190.33,206.08,156.00,0.49,-1,-1,-1
198,205,338.67,158.75,124.00,81.92,0.48,-1,-1,-1
198,206,1062.00,400.67,217.33,180.67,0.47,-1,-1,-1
198,207,2.58,277.17,213.08,262.17,0.46,-1,-1,-1
198,208,67.83,377.67,335.50,332.33,0.44,-1,-1,-1
199,209,212.33,204.00,170.67,115.00,0.48,-1,-1,-1
199,210,948.00,222.50,120.00,93.67,0.47,-1,-1,-1
200,211,0.00,300.67,240.17,186.00,0.48,-1,-1,-1
200,212,1133.33,562.67,146.67,156.00,0.48,-1,-1,-1
200,213,553.00,109.50,80.00,78.50,0.47,-1,-1,-1
200,215,892.67,146.58,74.67,59.42,0.43,-1,-1,-1
201,216,418.67,177.00,140.00,124.33,0.47,-1,-1,-1
201,217,971.33,279.33,153.33,124.67,0.47,-1,-1,-1
201,218,305.67,166.42,136.67,97.25,0.45,-1,-1,-1
202,219,898.67,175.33,93.33,73.00,0.48,-1,-1,-1
202,220,98.83,248.33,215.00,148.33,0.48,-1,-1,-1
202,221,0.00,398.33,354.00,321.67,0.46,-1,-1,-1
202,222,511.67,73.92,66.00,55.83,0.46,-1,-1,-1
202,223,407.33,134.42,92.00,62.58,0.44,-1,-1,-1
202,224,503.67,146.00,113.33,111.67,0.41,-1,-1,-1
203,225,465.67,95.42,81.33,64.83,0.48,-1,-1,-1
203,226,294.83,176.33,132.17,94.00,0.45,-1,-1,-1
203,227,259.00,277.00,232.67,204.67,0.45,-1,-1,-1
204,228,535.33,136.33,90.67,84.67,0.47,-1,-1,-1
204,229,1016.00,365.33,217.33,167.33,0.47,-1,-1,-1
204,230,68.17,268.67,220.33,159.33,0.47,-1,-1,-1
204,231,393.33,126.92,106.67,76.42,0.47,-1,-1,-1
204,232,518.00,76.62,65.33,51.71,0.42,-1,-1,-1
205,233,380.00,233.17,164.00,137.83,0.50,-1,-1,-1
205,234,473.00,99.42,79.33,60.83,0.48,-1,-1,-1
205,235,919.33,210.67,109.33,87.33,0.48,-1,-1,-1
205,236,266.00,175.67,154.00,107.67,0.46,-1,-1,-1
205,237,561.67,31.88,51.33,57.12,0.40,-1,-1,-1
206,238,1026.67,392.67,253.33,206.00,0.48,-1,-1,-1
206,239,399.33,132.08,103.33,75.58,0.48,-1,-1,-1
206,240,0.00,542.33,282.00,177.67,0.46,-1,-1,-1
206,241,0.83,279.33,258.00,196.00,0.45,-1,-1,-1
206,242,862.00,139.83,73.33,56.67,0.44,-1,-1,-1
207,243,272.00,181.83,150.00,104.33,0.48,-1,-1,-1
207,244,922.67,212.33,138.67,108.00,0.48,-1,-1,-1
207,245,607.67,72.50,61.33,53.17,0.41,-1,-1,-1
208,246,330.17,67.92,154.83,137.08,0.49,-1,-1,-1
208,247,0.00,289.33,265.33,174.00,0.47,-1,-1,-1
208,248,872.67,137.17,90.67,73.67,0.44,-1,-1,-1
208,249,566.33,102.08,75.33,67.25,0.43,-1,-1,-1
209,250,77.92,116.00,263.42,203.33,0.48,-1,-1,-1
209,251,494.00,148.33,109.33,92.33,0.47,-1,-1,-1
210,252,326.00,238.17,196.67,147.83,0.49,-1,-1,-1
211,253,0.00,461.67,273.83,251.00,0.47,-1,-1,-1
219,254,1030.00,352.33,198.67,151.33,0.47,-1,-1,-1
220,255,944.00,214.00,112.00,88.67,0.47,-1,-1,-1
220,256,312.67,522.33,323.33,193.67,0.47,-1,-1,-1
221,257,125.17,305.33,215.67,155.33,0.46,-1,-1,-1
221,258,893.33,148.17,80.00,65.00,0.41,-1,-1,-1
222,259,0.00,190.17,121.75,97.33,0.47,-1,-1,-1
223,260,1126.67,324.33,153.33,125.33,0.48,-1,-1,-1
224,261,160.83,373.00,251.17,189.33,0.48,-1,-1,-1
225,262,20.79,243.00,165.88,117.00,0.48,-1,-1,-1
225,263,981.33,365.00,209.33,180.67,0.48,-1,-1,-1
226,264,890.67,196.50,101.33,77.33,0.48,-1,-1,-1
226,265,0.10,165.83,48.98,83.33,0.43,-1,-1,-1
228,266,251.50,394.33,299.83,266.00,0.47,-1,-1,-1
229,267,1168.00,327.50,112.00,139.17,0.48,-1,-1,-1
229,268,60.25,256.67,211.75,150.33,0.47,-1,-1,-1
230,269,1060.00,222.33,134.67,92.67,0.46,-1,-1,-1
230,270,0.00,176.83,83.33,98.00,0.45,-1,-1,-1
231,271,120.00,355.33,237.67,196.00,0.48,-1,-1,-1
231,272,1000.00,167.08,102.67,72.25,0.41,-1,-1,-1
231,273,1144.67,502.67,135.33,209.33,0.40,-1,-1,-1
232,274,0.38,226.83,154.96,119.83,0.49,-1,-1,-1
232,275,388.00,471.00,331.33,249.00,0.48,-1,-1,-1
232,276,1000.00,286.33,177.33,134.00,0.46,-1,-1,-1
233,276,970.67,330.00,229.33,168.67,0.48,-1,-1,-1
233,277,178.33,292.33,222.33,138.67,0.48,-1,-1,-1
233,278,931.33,189.67,114.67,92.67,0.47,-1,-1,-1
234,279,856.00,190.17,120.00,91.00,0.47,-1,-1,-1
234,280,22.46,195.67,153.54,97.33,0.47,-1,-1,-1
234,281,1099.33,590.00,180.67,130.00,0.44,-1,-1,-1
234,282,890.67,138.92,81.33,51.75,0.44,-1,-1,-1
235,283,937.33,307.17,177.33,139.50,0.47,-1,-1,-1
235,284,795.33,117.67,73.33,67.83,0.40,-1,-1,-1
236,285,860.00,191.17,108.00,82.00,0.47,-1,-1,-1
237,286,1044.67,577.67,235.33,141.00,0.46,-1,-1,-1
237,287,816.67,130.00,76.00,58.00,0.44,-1,-1,-1
238,288,870.67,226.67,146.67,125.00,0.47,-1,-1,-1
239,289,818.00,130.33,85.33,70.50,0.47,-1,-1,-1
252,290,1147.33,189.33,132.67,60.33,0.43,-1,-1,-1
253,291,1046.67,168.50,152.00,59.33,0.44,-1,-1,-1
254,292,961.33,143.67,126.67,54.33,0.44,-1,-1,-1
254,293,551.67,60.58,54.67,47.50,0.44,-1,-1,-1
255,293,535.33,67.04,61.33,53.46,0.43,-1,-1,-1
255,294,901.33,121.25,93.33,50.75,0.44,-1,-1,-1
256,293,524.67,72.33,62.67,55.00,0.46,-1,-1,-1
257,293,522.33,74.42,63.33,54.17,0.45,-1,-1,-1
258,293,522.33,74.92,63.33,54.67,0.42,-1,-1,-1
259,293,522.00,76.88,63.33,52.79,0.35,-1,-1,-1
260,293,522.33,76.33,61.33,58.17,0.39,-1,-1,-1
261,293,522.67,73.50,63.33,58.17,0.40,-1,-1,-1
262,293,522.00,73.88,63.33,57.62,0.42,-1,-1,-1
263,293,522.33,74.92,62.67,56.50,0.41,-1,-1,-1
264,293,522.33,73.92,62.67,57.33,0.44,-1,-1,-1
265,293,522.00,73.67,63.33,57.67,0.44,-1,-1,-1
266,293,522.33,73.58,63.33,58.33,0.40,-1,-1,-1
266,295,1090.67,283.00,170.67,116.00,0.46,-1,-1,-1
267,293,522.67,75.67,61.33,57.33,0.40,-1,-1,-1
267,296,835.33,351.00,257.33,182.67,0.45,-1,-1,-1
268,293,523.00,74.58,60.67,61.00,0.41,-1,-1,-1
268,297,620.67,76.58,52.00,61.33,0.41,-1,-1,-1
269,293,522.67,74.17,61.33,63.50,0.42,-1,-1,-1
269,297,620.67,78.21,52.00,59.63,0.43,-1,-1,-1
270,293,523.33,75.38,60.67,62.29,0.42,-1,-1,-1
270,297,620.67,75.25,52.00,62.17,0.44,-1,-1,-1
271,293,520.33,75.25,63.33,61.50,0.43,-1,-1,-1
271,297,620.33,80.33,52.00,57.50,0.36,-1,-1,-1
272,293,508.33,81.25,67.33,64.00,0.42,-1,-1,-1
273,293,483.33,91.67,75.33,70.00,0.46,-1,-1,-1
273,298,602.00,86.17,55.33,65.83,0.41,-1,-1,-1
274,293,437.67,106.67,92.00,81.00,0.47,-1,-1,-1
274,298,579.67,94.17,64.67,81.00,0.46,-1,-1,-1
275,293,357.00,136.33,116.67,94.67,0.46,-1,-1,-1
275,299,543.00,126.58,78.67,86.08,0.47,-1,-1,-1
276,293,199.67,191.50,174.00,135.00,0.49,-1,-1,-1
276,300,473.00,167.83,107.33,119.67,0.45,-1,-1,-1
276,301,472.33,107.33,76.67,56.00,0.44,-1,-1,-1
277,302,400.33,136.67,102.67,80.67,0.48,-1,-1,-1
277,303,0.00,330.83,163.75,261.17,0.47,-1,-1,-1
277,304,315.33,263.00,176.00,192.67,0.45,-1,-1,-1
277,305,606.33,87.08,60.67,56.17,0.42,-1,-1,-1
278,306,265.00,194.50,154.67,104.00,0.47,-1,-1,-1
278,307,560.33,123.08,75.33,76.25,0.46,-1,-1,-1
278,308,0.00,579.00,190.33,139.67,0.45,-1,-1,-1
279,309,460.00,189.83,120.00,111.00,0.47,-1,-1,-1
279,310,2.33,326.33,235.50,190.00,0.45,-1,-1,-1
279,311,468.00,106.83,80.67,63.00,0.42,-1,-1,-1
280,312,190.17,353.33,255.83,270.67,0.47,-1,-1,-1
280,313,385.33,141.67,112.00,84.33,0.45,-1,-1,-1
281,314,211.00,214.67,185.33,132.00,0.48,-1,-1,-1
284,315,965.33,277.67,172.00,135.33,0.48,-1,-1,-1
284,316,451.67,99.92,84.67,63.67,0.47,-1,-1,-1
284,317,638.00,63.25,50.67,46.67,0.42,-1,-1,-1
285,318,891.33,156.42,92.00,78.58,0.48,-1,-1,-1
285,319,981.33,395.33,250.67,188.00,0.47,-1,-1,-1
285,320,320.00,145.83,132.67,93.67,0.46,-1,-1,-1
285,321,602.00,84.33,64.67,60.17,0.45,-1,-1,-1
286,322,37.08,245.17,240.92,167.17,0.49,-1,-1,-1
286,323,542.33,118.33,91.33,91.00,0.47,-1,-1,-1
286,324,858.00,193.50,109.33,90.00,0.47,-1,-1,-1
286,325,513.67,81.08,67.33,48.17,0.45,-1,-1,-1
287,326,426.00,116.42,91.33,64.92,0.47,-1,-1,-1
287,327,417.67,190.00,146.67,125.00,0.43,-1,-1,-1
288,328,258.67,181.83,146.67,99.67,0.47,-1,-1,-1
288,329,15.50,390.67,363.83,312.67,0.43,-1,-1,-1
289,330,0.00,357.67,144.42,202.67,0.47,-1,-1,-1
289,331,558.00,110.92,78.00,74.25,0.41,-1,-1,-1
290,332,449.33,176.83,130.00,122.33,0.45,-1,-1,-1
291,333,133.42,237.00,205.92,144.00,0.49,-1,-1,-1
291,334,114.33,356.00,308.33,323.33,0.48,-1,-1,-1
292,335,1078.00,395.67,202.00,194.67,0.48,-1,-1,-1
293,336,965.33,226.67,137.33,111.33,0.48,-1,-1,-1
294,337,1026.67,408.67,253.33,189.33,0.47,-1,-1,-1
294,338,908.00,154.75,90.67,71.58,0.47,-1,-1,-1
294,339,597.67,82.58,62.67,54.83,0.45,-1,-1,-1
295,340,930.00,230.00,130.67,103.67,0.47,-1,-1,-1
295,341,534.00,121.50,88.67,85.33,0.46,-1,-1,-1
296,342,390.33,206.33,152.67,137.67,0.46,-1,-1,-1
296,343,882.67,153.50,88.00,73.67,0.40,-1,-1,-1
297,344,0.00,508.33,279.33,207.67,0.46,-1,-1,-1
299,345,1036.00,352.67,212.00,162.67,0.49,-1,-1,-1
300,346,1094.67,503.00,185.33,212.33,0.46,-1,-1,-1
300,347,944.00,209.50,113.33,84.33,0.45,-1,-1,-1
301,348,945.33,258.17,140.00,111.83,0.46,-1,-1,-1
301,349,894.67,143.67,77.33,57.00,0.42,-1,-1,-1
302,349,861.33,157.67,92.00,68.67,0.47,-1,-1,-1
302,350,1156.67,571.00,123.33,149.00,0.46,-1,-1,-1
303,351,973.33,270.50,161.33,121.83,0.48,-1,-1,-1
304,352,898.67,159.58,92.00,74.75,0.46,-1,-1,-1
305,353,989.33,257.50,134.67,109.17,0.47,-1,-1,-1
306,354,900.67,144.83,76.00,60.67,0.42,-1,-1,-1
308,355,976.00,283.83,161.33,125.50,0.48,-1,-1,-1
309,356,892.67,169.67,94.67,67.67,0.46,-1,-1,-1
309,357,989.33,307.33,246.67,194.67,0.41,-1,-1,-1
310,356,859.33,148.17,125.33,105.67,0.38,-1,-1,-1
312,358,617.00,73.88,57.33,52.12,0.44,-1,-1,-1
313,358,612.67,77.58,58.00,53.83,0.44,-1,-1,-1
313,359,1018.67,363.33,225.33,174.00,0.48,-1,-1,-1
314,358,607.67,80.00,60.00,54.33,0.33,-1,-1,-1
314,360,933.33,212.00,117.33,94.67,0.47,-1,-1,-1
315,358,605.00,83.00,61.33,57.67,0.42,-1,-1,-1
315,361,886.67,143.25,80.00,59.42,0.43,-1,-1,-1
316,358,604.33,84.83,62.00,54.33,0.40,-1,-1,-1
316,362,252.50,456.00,359.50,264.00,0.44,-1,-1,-1
317,358,604.33,88.08,61.33,50.00,0.32,-1,-1,-1
317,363,79.58,309.00,233.75,153.33,0.47,-1,-1,-1
318,358,603.00,85.08,61.33,53.33,0.22,-1,-1,-1
318,364,0.00,212.50,134.08,106.33,0.45,-1,-1,-1
319,358,604.33,83.67,61.33,54.67,0.40,-1,-1,-1
319,365,292.83,417.33,307.17,295.33,0.45,-1,-1,-1
320,358,603.67,83.08,62.67,54.83,0.37,-1,-1,-1
320,366,147.08,292.00,225.92,164.00,0.49,-1,-1,-1
321,358,604.00,82.92,62.67,55.00,0.38,-1,-1,-1
321,367,17.25,208.00,172.08,117.00,0.48,-1,-1,-1
322,358,604.33,82.08,62.00,56.00,0.42,-1,-1,-1
322,368,0.00,152.00,48.17,87.67,0.45,-1,-1,-1
323,358,603.67,82.42,62.67,56.17,0.42,-1,-1,-1
324,358,606.00,84.50,59.33,53.17,0.44,-1,-1,-1
325,358,607.33,84.33,58.00,54.17,0.43,-1,-1,-1
326,358,608.00,85.33,57.33,53.50,0.41,-1,-1,-1
327,358,607.00,85.42,59.33,56.50,0.40,-1,-1,-1
328,358,607.00,85.75,59.33,56.00,0.38,-1,-1,-1
329,358,607.33,86.33,59.33,55.17,0.40,-1,-1,-1
330,358,607.33,86.67,59.33,55.00,0.37,-1,-1,-1
331,358,607.33,86.08,59.33,55.17,0.36,-1,-1,-1
332,358,607.67,85.75,58.67,55.33,0.37,-1,-1,-1
333,358,607.33,85.17,58.67,55.67,0.36,-1,-1,-1
334,358,607.67,85.25,58.67,55.83,0.35,-1,-1,-1
335,358,607.67,85.17,58.67,55.83,0.34,-1,-1,-1
336,358,607.67,85.33,58.67,55.50,0.33,-1,-1,-1
337,358,607.67,85.50,58.67,54.67,0.32,-1,-1,-1
338,358,607.67,85.17,58.67,55.50,0.31,-1,-1,-1
339,358,607.67,85.00,58.67,55.83,0.37,-1,-1,-1
340,358,607.00,86.00,59.33,54.50,0.35,-1,-1,-1
341,358,607.33,86.33,58.67,54.00,0.38,-1,-1,-1
342,358,607.00,87.00,59.33,54.17,0.36,-1,-1,-1
343,358,607.33,86.50,58.67,54.50,0.36,-1,-1,-1
344,358,608.00,86.67,58.67,54.83,0.38,-1,-1,-1
345,358,607.67,86.92,59.33,51.17,0.31,-1,-1,-1
346,358,608.00,83.58,59.33,55.50,0.39,-1,-1,-1
347,358,607.67,83.17,59.33,56.33,0.37,-1,-1,-1
348,358,607.33,83.08,58.67,56.17,0.39,-1,-1,-1
349,358,607.67,83.58,58.00,55.67,0.38,-1,-1,-1
350,358,607.67,83.75,58.00,55.83,0.39,-1,-1,-1
351,358,607.00,84.42,59.33,55.83,0.37,-1,-1,-1
352,358,606.67,84.33,60.67,55.33,0.24,-1,-1,-1
353,358,606.00,86.17,60.67,53.83,0.22,-1,-1,-1
354,358,606.67,84.17,62.67,56.17,0.19,-1,-1,-1
355,358,606.67,85.83,60.67,54.33,0.27,-1,-1,-1
356,358,607.00,83.92,60.67,55.50,0.23,-1,-1,-1
357,358,607.00,83.50,61.33,55.83,0.23,-1,-1,-1
357,369,0.00,172.83,127.58,105.00,0.45,-1,-1,-1
358,358,607.00,85.00,60.00,54.50,0.28,-1,-1,-1
358,370,156.83,191.83,254.50,114.00,0.48,-1,-1,-1
359,358,607.00,84.83,60.00,54.50,0.28,-1,-1,-1
359,371,496.33,200.67,263.67,121.67,0.49,-1,-1,-1
360,358,605.67,65.08,81.67,74.33,0.31,-1,-1,-1
360,372,824.00,218.33,242.67,108.67,0.47,-1,-1,-1
363,373,13.88,198.17,158.29,91.67,0.42,-1,-1,-1
364,374,220.00,235.00,207.67,125.00,0.44,-1,-1,-1
365,375,529.33,281.33,309.33,173.33,0.46,-1,-1,-1
369,376,1.08,193.50,174.92,95.33,0.47,-1,-1,-1
370,377,268.00,240.00,241.33,140.00,0.46,-1,-1,-1
371,378,223.67,318.33,314.00,209.33,0.40,-1,-1,-1
378,379,0.00,196.33,141.50,82.33,0.46,-1,-1,-1
379,380,112.08,223.00,177.25,97.33,0.47,-1,-1,-1
380,381,222.33,243.67,203.33,116.00,0.48,-1,-1,-1
381,382,302.83,262.83,223.83,127.17,0.48,-1,-1,-1
381,383,0.00,267.50,166.83,128.83,0.45,-1,-1,-1
382,382,339.83,273.33,239.50,130.67,0.47,-1,-1,-1
382,383,39.42,290.00,229.58,140.00,0.47,-1,-1,-1
383,382,346.67,274.17,241.33,133.50,0.45,-1,-1,-1
383,383,96.67,308.33,248.67,150.67,0.47,-1,-1,-1
383,384,1170.67,214.67,109.33,85.33,0.47,-1,-1,-1
384,382,348.00,274.00,240.00,135.33,0.45,-1,-1,-1
384,383,124.08,315.00,253.58,158.67,0.47,-1,-1,-1
384,385,949.33,225.50,218.67,83.00,0.46,-1,-1,-1
385,382,346.67,271.33,240.67,136.67,0.43,-1,-1,-1
385,383,124.33,315.50,255.33,158.50,0.47,-1,-1,-1
385,386,664.00,231.33,216.00,71.33,0.45,-1,-1,-1
386,382,346.00,274.50,242.00,133.17,0.44,-1,-1,-1
386,383,124.67,315.67,255.00,159.33,0.46,-1,-1,-1
386,387,407.33,204.67,174.67,69.00,0.48,-1,-1,-1
387,382,347.00,273.67,238.67,133.33,0.44,-1,-1,-1
387,383,124.17,315.67,255.83,162.00,0.45,-1,-1,-1
387,388,215.67,181.33,132.67,59.00,0.44,-1,-1,-1
388,382,346.33,273.83,239.33,133.83,0.44,-1,-1,-1
388,383,123.75,315.33,256.58,162.67,0.45,-1,-1,-1
389,382,347.33,273.83,238.00,133.83,0.44,-1,-1,-1
389,383,124.00,315.33,255.33,164.67,0.43,-1,-1,-1
390,382,347.00,273.67,238.67,134.00,0.44,-1,-1,-1
390,383,124.50,315.00,254.83,162.67,0.46,-1,-1,-1
391,382,346.33,273.67,240.67,134.00,0.44,-1,-1,-1
391,383,125.33,315.50,254.33,159.83,0.45,-1,-1,-1
392,382,346.67,274.17,240.67,133.83,0.44,-1,-1,-1
392,383,123.92,315.00,256.08,164.00,0.45,-1,-1,-1
393,382,346.67,274.17,239.33,134.50,0.44,-1,-1,-1
393,383,124.17,315.33,255.17,162.67,0.45,-1,-1,-1
394,382,346.67,274.33,238.67,132.67,0.45,-1,-1,-1
394,383,124.67,315.50,254.67,159.17,0.47,-1,-1,-1
395,382,347.00,274.50,238.67,133.83,0.45,-1,-1,-1
395,383,124.58,315.50,254.75,160.83,0.46,-1,-1,-1
396,382,346.67,274.33,238.67,134.00,0.45,-1,-1,-1
396,383,124.92,315.83,254.75,159.83,0.47,-1,-1,-1
397,382,347.33,274.33,240.67,136.00,0.45,-1,-1,-1
397,383,125.50,315.50,251.83,151.50,0.48,-1,-1,-1
398,382,347.33,274.33,240.00,135.33,0.45,-1,-1,-1
398,383,125.67,318.67,257.33,152.67,0.47,-1,-1,-1
399,382,347.67,274.17,238.67,135.17,0.45,-1,-1,-1
399,383,146.17,323.33,273.17,154.00,0.42,-1,-1,-1
400,382,347.00,273.67,238.67,129.67,0.45,-1,-1,-1
400,383,213.50,339.67,309.83,174.00,0.28,-1,-1,-1
401,382,354.67,275.50,240.67,136.83,0.45,-1,-1,-1
401,383,363.67,390.00,363.00,176.00,0.39,-1,-1,-1
402,382,382.00,281.33,250.67,138.67,0.49,-1,-1,-1
403,382,421.33,288.67,266.00,144.00,0.41,-1,-1,-1
404,382,467.00,300.00,292.33,151.33,0.47,-1,-1,-1
405,382,539.33,309.83,305.33,161.50,0.49,-1,-1,-1
405,389,782.00,267.83,304.00,106.50,0.46,-1,-1,-1
406,382,599.67,321.50,332.33,172.50,0.46,-1,-1,-1
406,390,444.33,215.83,183.33,76.67,0.44,-1,-1,-1
407,382,656.33,327.17,347.67,180.83,0.46,-1,-1,-1
407,391,194.83,180.83,137.67,58.67,0.43,-1,-1,-1
408,382,706.67,334.00,358.67,180.67,0.49,-1,-1,-1
409,382,748.00,338.00,370.67,188.00,0.48,-1,-1,-1
410,382,810.67,350.00,397.33,192.67,0.45,-1,-1,-1
410,392,778.67,237.33,242.67,76.00,0.40,-1,-1,-1
412,393,1001.33,263.33,278.67,105.33,0.44,-1,-1,-1
414,394,210.00,172.83,140.67,64.33,0.42,-1,-1,-1
434,395,0.00,180.33,78.42,87.33,0.43,-1,-1,-1
435,396,125.92,220.00,202.42,124.00,0.47,-1,-1,-1
436,397,381.00,267.33,298.67,160.00,0.46,-1,-1,-1
437,398,727.33,311.17,400.00,204.83,0.40,-1,-1,-1
438,399,167.00,240.50,215.67,124.83,0.47,-1,-1,-1
439,400,500.67,310.00,344.00,189.33,0.43,-1,-1,-1
454,401,942.67,225.50,200.00,81.67,0.47,-1,-1,-1
455,402,721.33,219.50,193.33,73.00,0.44,-1,-1,-1
456,403,540.67,201.17,154.00,66.67,0.45,-1,-1,-1
457,404,381.67,182.67,126.00,57.00,0.43,-1,-1,-1
458,405,236.83,160.50,100.00,52.33,0.42,-1,-1,-1
459,406,83.83,231.67,183.33,90.33,0.45,-1,-1,-1
460,407,205.33,255.67,208.33,111.00,0.49,-1,-1,-1
461,408,295.33,275.00,232.00,124.00,0.46,-1,-1,-1
462,408,332.67,282.33,246.67,132.00,0.49,-1,-1,-1
462,409,1158.67,223.33,121.33,89.00,0.45,-1,-1,-1
463,408,339.67,284.50,246.67,132.83,0.49,-1,-1,-1
463,410,960.00,234.33,241.33,83.33,0.46,-1,-1,-1
464,408,339.33,284.00,245.33,132.67,0.49,-1,-1,-1
464,411,716.00,224.33,217.33,84.67,0.44,-1,-1,-1
465,408,339.33,284.17,247.33,132.83,0.49,-1,-1,-1
465,412,507.33,204.17,180.00,70.00,0.48,-1,-1,-1
466,408,339.67,284.33,247.33,133.33,0.48,-1,-1,-1
466,413,337.00,182.83,130.67,56.33,0.44,-1,-1,-1
467,408,341.67,284.50,248.00,133.50,0.48,-1,-1,-1
467,414,188.00,156.67,101.33,51.33,0.42,-1,-1,-1
468,408,366.67,290.33,252.67,134.67,0.45,-1,-1,-1
469,408,461.67,311.00,294.33,152.00,0.47,-1,-1,-1
470,415,705.33,356.67,373.33,198.00,0.46,-1,-1,-1
470,416,1.33,260.00,214.33,140.00,0.44,-1,-1,-1
471,417,104.42,287.83,276.58,160.17,0.49,-1,-1,-1
472,418,268.33,328.00,334.00,214.00,0.49,-1,-1,-1
473,419,0.00,288.33,136.67,157.33,0.44,-1,-1,-1
473,420,560.67,384.33,473.33,319.67,0.40,-1,-1,-1
474,421,93.75,369.33,317.58,207.33,0.40,-1,-1,-1
475,422,750.00,237.67,232.00,76.67,0.44,-1,-1,-1
476,423,450.00,195.67,162.67,63.00,0.42,-1,-1,-1
477,424,210.67,344.00,324.67,188.67,0.47,-1,-1,-1
477,425,239.67,168.00,118.00,50.33,0.40,-1,-1,-1
484,426,866.67,237.33,248.00,98.67,0.41,-1,-1,-1
487,427,1010.67,260.50,269.33,81.17,0.42,-1,-1,-1
490,428,797.33,240.33,278.67,81.67,0.44,-1,-1,-1
499,429,904.67,250.33,262.67,88.33,0.41,-1,-1,-1
512,430,1197.33,219.33,82.67,80.67,0.45,-1,-1,-1
513,430,1060.67,224.50,216.00,83.00,0.46,-1,-1,-1
514,431,876.67,222.33,221.33,80.33,0.46,-1,-1,-1
515,432,670.00,215.17,196.00,67.67,0.46,-1,-1,-1
516,433,490.33,195.00,165.33,64.33,0.45,-1,-1,-1
517,434,338.17,177.17,139.17,56.33,0.41,-1,-1,-1
518,435,212.33,160.50,110.33,49.00,0.42,-1,-1,-1
522,436,0.83,253.33,169.00,151.00,0.45,-1,-1,-1
523,436,50.08,282.67,247.25,150.67,0.46,-1,-1,-1
524,436,93.67,295.67,260.33,169.33,0.46,-1,-1,-1
525,436,96.75,296.67,263.92,176.00,0.46,-1,-1,-1
525,437,0.00,179.17,82.75,89.00,0.42,-1,-1,-1
526,436,95.83,296.83,265.50,175.83,0.46,-1,-1,-1
526,438,32.08,206.17,172.92,87.33,0.44,-1,-1,-1
527,436,95.83,296.33,262.83,174.67,0.44,-1,-1,-1
527,439,138.08,222.33,184.25,108.67,0.44,-1,-1,-1
528,436,95.83,295.83,262.83,175.50,0.47,-1,-1,-1
528,440,220.00,240.33,212.33,126.33,0.47,-1,-1,-1
529,436,95.67,295.00,265.33,180.00,0.46,-1,-1,-1
529,440,274.83,252.17,229.83,137.50,0.46,-1,-1,-1
530,436,96.25,296.00,263.42,176.67,0.46,-1,-1,-1
530,440,309.83,259.67,238.83,146.67,0.48,-1,-1,-1
531,436,96.67,295.67,263.00,178.00,0.46,-1,-1,-1
531,440,327.67,264.33,245.33,143.00,0.46,-1,-1,-1
531,441,0.00,196.67,110.92,76.00,0.45,-1,-1,-1
532,436,96.33,295.67,263.00,177.33,0.46,-1,-1,-1
532,440,330.33,266.17,252.00,145.83,0.46,-1,-1,-1
532,441,22.42,212.67,164.92,83.67,0.44,-1,-1,-1
532,442,336.33,197.50,178.67,61.00,0.44,-1,-1,-1
533,436,96.75,298.67,261.92,173.33,0.46,-1,-1,-1
533,440,335.33,266.50,251.33,144.17,0.47,-1,-1,-1
533,443,61.33,220.17,170.83,79.33,0.44,-1,-1,-1
534,436,96.58,298.00,263.08,174.00,0.46,-1,-1,-1
534,440,343.33,267.83,252.67,145.50,0.43,-1,-1,-1
534,443,63.58,220.67,179.42,85.67,0.46,-1,-1,-1
535,436,101.17,298.50,268.83,175.50,0.47,-1,-1,-1
535,440,354.33,268.00,258.00,148.00,0.47,-1,-1,-1
535,443,68.83,221.33,174.83,91.33,0.45,-1,-1,-1
535,444,0.00,244.83,116.25,133.17,0.43,-1,-1,-1
536,436,131.67,309.00,284.00,198.67,0.47,-1,-1,-1
536,440,377.33,276.00,274.67,150.00,0.48,-1,-1,-1
536,443,66.92,220.33,176.42,91.33,0.45,-1,-1,-1
536,444,0.00,242.17,139.92,145.50,0.42,-1,-1,-1
537,436,261.33,332.17,326.00,277.17,0.33,-1,-1,-1
537,440,419.33,282.17,284.67,155.17,0.46,-1,-1,-1
537,443,68.67,222.17,172.17,90.00,0.48,-1,-1,-1
537,444,13.88,297.67,160.62,99.33,0.14,-1,-1,-1
538,440,493.33,294.33,311.33,156.00,0.49,-1,-1,-1
538,443,70.42,221.67,173.92,88.00,0.44,-1,-1,-1
538,445,0.92,259.67,226.08,143.67,0.48,-1,-1,-1
539,440,647.67,305.67,367.00,177.33,0.45,-1,-1,-1
539,443,91.17,227.67,169.67,85.67,0.46,-1,-1,-1
539,446,84.17,282.67,283.83,158.67,0.47,-1,-1,-1
540,443,148.42,237.33,194.25,104.67,0.49,-1,-1,-1
540,447,920.00,311.00,360.00,171.33,0.47,-1,-1,-1
541,443,270.33,264.33,236.00,125.33,0.48,-1,-1,-1
541,448,0.19,200.67,54.23,77.67,0.44,-1,-1,-1
542,443,535.33,316.50,309.33,162.17,0.45,-1,-1,-1
542,449,5.50,222.50,180.00,97.33,0.48,-1,-1,-1
543,450,152.42,253.00,217.58,118.33,0.48,-1,-1,-1
544,451,393.33,305.00,299.33,148.67,0.46,-1,-1,-1
544,452,1.08,263.67,163.33,133.00,0.41,-1,-1,-1
548,444,13.88,297.67,160.62,99.33,0.39,-1,-1,-1
551,441,22.42,212.67,164.92,83.67,0.45,-1,-1,-1
554,453,44.33,278.83,246.83,158.50,0.40,-1,-1,-1
575,454,930.67,238.50,253.33,103.17,0.46,-1,-1,-1
582,455,13.17,202.67,169.50,91.33,0.41,-1,-1,-1
583,456,150.92,227.17,194.75,116.83,0.48,-1,-1,-1
584,457,262.67,248.83,229.33,137.50,0.44,-1,-1,-1
585,457,330.33,261.00,246.67,149.00,0.47,-1,-1,-1
586,457,350.00,265.00,254.00,152.00,0.47,-1,-1,-1
587,457,350.33,265.83,257.33,151.17,0.46,-1,-1,-1
588,457,349.67,264.67,260.00,152.67,0.46,-1,-1,-1
589,457,350.33,265.83,256.00,151.17,0.46,-1,-1,-1
590,457,350.33,266.00,252.67,151.33,0.45,-1,-1,-1
591,457,350.00,265.83,253.33,151.17,0.46,-1,-1,-1
592,457,349.67,265.67,257.33,150.67,0.46,-1,-1,-1
592,458,1049.33,219.00,210.67,79.33,0.40,-1,-1,-1
593,457,349.33,265.83,258.00,151.50,0.46,-1,-1,-1
593,459,836.00,217.50,210.67,75.00,0.44,-1,-1,-1
594,457,349.33,266.00,257.33,150.67,0.45,-1,-1,-1
594,460,1102.00,213.83,178.00,93.67,0.47,-1,-1,-1
594,461,638.33,207.50,186.33,65.67,0.45,-1,-1,-1
595,457,349.67,266.17,255.33,150.17,0.46,-1,-1,-1
595,462,850.00,221.67,244.00,90.33,0.45,-1,-1,-1
595,463,471.67,189.17,152.00,60.00,0.44,-1,-1,-1
596,457,350.33,266.67,261.33,150.00,0.45,-1,-1,-1
596,464,561.33,217.17,216.00,74.00,0.44,-1,-1,-1
596,465,317.33,171.83,139.33,53.67,0.42,-1,-1,-1
597,457,349.33,265.33,255.33,154.00,0.46,-1,-1,-1
597,465,312.00,185.83,161.33,68.33,0.43,-1,-1,-1
598,457,350.67,266.67,251.33,150.67,0.46,-1,-1,-1
599,457,350.67,266.67,250.67,150.67,0.45,-1,-1,-1
600,457,350.67,266.50,250.67,150.83,0.45,-1,-1,-1
601,457,349.67,267.00,254.67,149.33,0.46,-1,-1,-1
602,457,350.67,266.83,251.33,149.83,0.46,-1,-1,-1
603,457,350.33,266.33,251.33,151.33,0.45,-1,-1,-1
604,457,351.33,266.00,256.67,152.00,0.46,-1,-1,-1
605,457,368.00,269.67,256.00,152.00,0.48,-1,-1,-1
606,457,415.33,278.33,270.00,156.67,0.44,-1,-1,-1
607,457,481.33,289.67,313.33,169.33,0.45,-1,-1,-1
608,457,567.33,304.00,332.00,174.67,0.49,-1,-1,-1
609,457,677.33,319.83,357.33,188.17,0.45,-1,-1,-1
609,466,1038.67,303.33,241.33,142.00,0.48,-1,-1,-1
610,457,796.00,328.33,381.33,205.33,0.46,-1,-1,-1
610,467,595.33,238.00,229.33,93.67,0.46,-1,-1,-1
611,457,906.67,310.50,373.33,251.50,0.39,-1,-1,-1
611,468,306.00,196.67,161.33,70.67,0.43,-1,-1,-1
612,469,114.67,165.17,112.00,57.67,0.45,-1,-1,-1
613,470,1098.67,374.00,181.33,196.67,0.45,-1,-1,-1
613,471,846.67,248.33,238.67,80.67,0.45,-1,-1,-1
614,470,1162.00,376.00,118.00,186.67,0.44,-1,-1,-1
614,472,260.00,151.42,110.33,67.58,0.41,-1,-1,-1
614,473,564.33,211.17,159.67,66.33,0.40,-1,-1,-1
615,470,1202.00,393.00,77.33,188.67,0.11,-1,-1,-1
615,474,354.67,185.67,136.00,55.00,0.42,-1,-1,-1
616,475,197.00,161.17,108.33,51.00,0.42,-1,-1,-1
617,476,592.67,198.00,194.67,81.33,0.44,-1,-1,-1
619,477,778.67,236.17,246.67,78.67,0.44,-1,-1,-1
620,478,483.67,196.00,170.67,65.33,0.44,-1,-1,-1
621,465,312.00,185.83,161.33,68.33,0.43,-1,-1,-1
622,479,854.67,246.67,256.00,88.33,0.47,-1,-1,-1
623,480,550.33,205.50,169.67,70.67,0.43,-1,-1,-1
624,481,337.50,179.83,131.17,57.00,0.43,-1,-1,-1
627,482,104.42,324.67,312.58,166.00,0.43,-1,-1,-1
640,483,0.00,196.50,69.08,83.00,0.41,-1,-1,-1
641,484,189.67,252.00,229.00,134.67,0.41,-1,-1,-1
650,485,0.00,260.33,113.17,135.00,0.45,-1,-1,-1
651,486,15.67,297.33,234.83,146.67,0.49,-1,-1,-1
652,486,80.17,315.67,251.33,152.00,0.48,-1,-1,-1
653,486,91.17,319.67,258.17,156.67,0.48,-1,-1,-1
654,486,90.58,320.33,259.75,155.33,0.48,-1,-1,-1
655,486,90.92,317.67,259.75,162.67,0.47,-1,-1,-1
655,487,0.00,190.33,80.33,70.67,0.42,-1,-1,-1
656,486,90.83,318.17,261.83,169.17,0.46,-1,-1,-1
656,488,43.58,212.33,165.42,85.00,0.48,-1,-1,-1
657,486,91.75,320.67,260.58,168.67,0.46,-1,-1,-1
657,489,155.50,233.33,187.83,96.00,0.49,-1,-1,-1
657,490,956.67,226.83,220.00,84.67,0.45,-1,-1,-1
658,486,91.67,319.67,260.33,168.67,0.47,-1,-1,-1
658,491,252.00,252.67,214.00,110.67,0.49,-1,-1,-1
658,492,746.00,224.33,209.33,75.33,0.46,-1,-1,-1
659,486,94.50,319.67,256.17,163.33,0.46,-1,-1,-1
659,491,324.00,266.17,232.67,122.83,0.49,-1,-1,-1
659,493,546.67,207.67,168.67,70.67,0.43,-1,-1,-1
660,486,85.42,319.50,267.58,164.17,0.45,-1,-1,-1
660,491,355.00,276.33,244.00,125.33,0.48,-1,-1,-1
660,494,391.33,190.67,138.67,57.00,0.44,-1,-1,-1
660,495,0.00,253.00,86.00,102.67,0.42,-1,-1,-1
661,486,93.50,319.17,256.50,162.83,0.47,-1,-1,-1
661,491,360.67,276.17,252.00,127.83,0.44,-1,-1,-1
661,495,0.00,255.33,112.42,110.67,0.33,-1,-1,-1
661,496,252.83,171.00,115.83,51.67,0.44,-1,-1,-1
662,486,93.00,319.67,257.33,162.67,0.47,-1,-1,-1
662,491,362.00,277.17,246.00,126.17,0.45,-1,-1,-1
662,495,0.00,254.00,116.75,118.00,0.35,-1,-1,-1
663,486,92.67,319.33,257.33,162.00,0.46,-1,-1,-1
663,491,360.67,277.00,248.00,126.67,0.45,-1,-1,-1
663,495,0.04,258.00,116.13,114.67,0.36,-1,-1,-1
664,486,93.17,319.33,256.83,161.33,0.46,-1,-1,-1
664,491,362.67,277.00,244.00,126.67,0.46,-1,-1,-1
664,495,0.17,258.33,114.00,118.33,0.38,-1,-1,-1
665,486,92.83,319.17,257.83,162.83,0.47,-1,-1,-1
665,491,361.67,275.67,249.33,129.33,0.45,-1,-1,-1
665,495,0.17,259.50,117.50,113.50,0.38,-1,-1,-1
666,486,92.83,319.33,257.83,163.33,0.46,-1,-1,-1
666,491,362.67,277.00,244.00,127.33,0.46,-1,-1,-1
666,495,0.12,258.67,116.21,114.67,0.38,-1,-1,-1
667,486,97.67,320.33,258.67,164.00,0.45,-1,-1,-1
667,491,363.00,277.17,244.00,126.83,0.46,-1,-1,-1
667,495,0.12,258.67,117.88,114.00,0.38,-1,-1,-1
668,486,118.67,326.50,265.00,169.50,0.47,-1,-1,-1
668,491,363.00,276.00,247.33,128.67,0.44,-1,-1,-1
668,495,0.50,258.83,123.08,111.83,0.36,-1,-1,-1
669,486,143.17,335.67,278.17,176.00,0.45,-1,-1,-1
669,491,364.00,276.33,247.33,128.67,0.44,-1,-1,-1
669,495,0.00,260.33,134.33,118.67,0.35,-1,-1,-1
670,486,167.33,344.33,290.00,167.33,0.46,-1,-1,-1
670,491,362.67,275.67,248.67,129.33,0.44,-1,-1,-1
670,495,0.42,262.83,144.42,122.17,0.41,-1,-1,-1
671,486,205.67,353.67,304.00,195.33,0.45,-1,-1,-1
671,491,364.00,276.33,249.33,128.67,0.44,-1,-1,-1
671,495,0.33,264.50,151.75,124.50,0.44,-1,-1,-1
672,486,269.00,372.67,336.00,204.67,0.48,-1,-1,-1
672,491,375.33,278.50,250.00,126.50,0.48,-1,-1,-1
672,495,0.54,264.67,160.96,127.00,0.42,-1,-1,-1
673,486,424.00,409.33,402.00,263.33,0.40,-1,-1,-1
673,491,402.00,282.67,262.67,132.67,0.47,-1,-1,-1
673,495,2.25,272.67,193.08,116.67,0.43,-1,-1,-1
674,491,450.67,293.33,274.67,137.33,0.45,-1,-1,-1
674,495,48.17,296.17,242.33,139.50,0.41,-1,-1,-1
675,491,510.00,303.67,290.67,147.33,0.48,-1,-1,-1
675,495,189.33,338.00,314.67,169.33,0.40,-1,-1,-1
676,491,577.33,313.67,317.33,160.67,0.47,-1,-1,-1
676,497,704.67,236.00,265.33,119.67,0.40,-1,-1,-1
677,491,659.33,323.33,353.33,176.67,0.47,-1,-1,-1
677,498,389.33,195.33,176.67,87.33,0.41,-1,-1,-1
678,491,744.00,339.33,373.33,172.00,0.48,-1,-1,-1
678,499,172.83,170.83,132.67,65.33,0.43,-1,-1,-1
679,491,813.33,342.67,385.33,188.00,0.43,-1,-1,-1
680,491,859.33,347.33,398.67,190.67,0.45,-1,-1,-1
681,491,883.33,354.33,396.67,186.00,0.41,-1,-1,-1
681,500,215.33,139.75,99.00,54.92,0.40,-1,-1,-1
682,491,912.00,354.67,368.00,191.33,0.46,-1,-1,-1
682,501,569.33,217.50,249.33,96.67,0.41,-1,-1,-1
683,491,934.00,361.33,346.00,186.67,0.44,-1,-1,-1
684,491,961.33,363.00,318.67,186.67,0.48,-1,-1,-1
685,491,1013.33,368.00,266.67,182.00,0.40,-1,-1,-1
686,491,1100.67,378.33,179.33,174.00,0.44,-1,-1,-1
686,502,412.00,207.83,207.33,81.33,0.44,-1,-1,-1
687,503,80.50,156.75,111.83,57.25,0.42,-1,-1,-1
692,504,590.00,239.67,242.67,87.00,0.43,-1,-1,-1
703,505,295.33,158.58,131.33,68.25,0.45,-1,-1,-1
716,506,0.12,189.50,120.38,86.33,0.44,-1,-1,-1
718,507,241.67,237.83,224.00,133.17,0.48,-1,-1,-1
719,508,351.00,255.67,252.00,151.67,0.49,-1,-1,-1
720,508,405.00,265.83,267.33,157.50,0.47,-1,-1,-1
722,509,0.00,395.33,124.17,165.33,0.48,-1,-1,-1
723,510,956.00,412.33,324.00,193.33,0.42,-1,-1,-1
724,511,634.00,344.67,148.00,73.33,0.44,-1,-1,-1
725,512,521.33,313.67,77.33,43.67,0.45,-1,-1,-1
725,513,785.33,420.00,349.33,194.67,0.41,-1,-1,-1
726,514,525.00,332.33,120.00,72.00,0.46,-1,-1,-1
727,515,440.67,302.67,63.33,45.00,0.44,-1,-1,-1
735,516,0.00,392.33,96.33,166.67,0.47,-1,-1,-1
744,517,108.92,331.00,91.08,73.33,0.44,-1,-1,-1
746,518,112.25,332.50,85.75,78.50,0.44,-1,-1,-1
747,519,0.00,397.33,89.17,178.67,0.44,-1,-1,-1
752,520,869.33,396.67,334.67,166.67,0.41,-1,-1,-1
753,521,530.00,309.33,94.67,55.00,0.43,-1,-1,-1
761,522,548.00,325.00,108.00,60.67,0.46,-1,-1,-1
762,523,445.67,296.83,47.33,31.33,0.42,-1,-1,-1
775,524,38.08,356.67,117.17,104.67,0.42,-1,-1,-1
776,525,0.00,380.00,117.67,151.33,0.47,-1,-1,-1
777,525,0.00,409.33,89.50,168.00,0.45,-1,-1,-1
777,526,886.67,389.67,276.00,142.67,0.47,-1,-1,-1
778,527,688.00,333.17,157.33,91.83,0.45,-1,-1,-1
779,528,569.67,311.67,99.33,61.33,0.47,-1,-1,-1
780,529,501.33,302.00,64.00,40.67,0.42,-1,-1,-1
797,530,122.17,320.67,90.67,66.00,0.40,-1,-1,-1
798,530,98.67,327.00,103.67,78.67,0.45,-1,-1,-1
799,530,100.33,328.83,97.17,81.50,0.42,-1,-1,-1
800,530,87.00,330.33,109.00,86.00,0.39,-1,-1,-1
801,530,86.42,330.17,109.92,86.83,0.39,-1,-1,-1
802,530,89.33,330.33,106.83,86.67,0.41,-1,-1,-1
803,530,88.67,331.00,107.17,86.67,0.39,-1,-1,-1
804,530,87.50,331.00,107.33,86.67,0.40,-1,-1,-1
805,530,90.08,330.00,106.25,87.33,0.40,-1,-1,-1
806,530,91.00,330.00,105.33,87.33,0.40,-1,-1,-1
807,530,89.25,330.50,106.08,86.17,0.40,-1,-1,-1
808,530,91.08,330.83,103.92,86.50,0.41,-1,-1,-1
809,530,88.08,330.33,107.25,86.67,0.41,-1,-1,-1
810,530,85.42,331.67,107.92,84.67,0.40,-1,-1,-1
811,530,88.58,333.33,100.08,85.33,0.43,-1,-1,-1
812,530,56.96,343.33,119.04,84.67,0.40,-1,-1,-1
813,530,0.79,360.67,147.88,136.67,0.42,-1,-1,-1
817,531,1126.67,526.67,153.33,192.00,0.40,-1,-1,-1
818,532,599.67,344.67,219.00,130.00,0.48,-1,-1,-1
819,533,470.00,310.33,97.33,64.67,0.48,-1,-1,-1
820,534,416.67,296.67,58.00,40.33,0.42,-1,-1,-1
823,535,598.67,331.00,174.67,119.33,0.44,-1,-1,-1
824,536,473.00,303.00,71.33,50.00,0.47,-1,-1,-1
826,537,536.33,317.17,82.67,49.83,0.48,-1,-1,-1
849,538,543.00,329.17,162.33,109.50,0.44,-1,-1,-1
850,539,456.33,306.67,83.33,56.33,0.49,-1,-1,-1
851,540,413.33,292.83,53.33,40.00,0.43,-1,-1,-1
858,541,655.67,340.67,167.00,95.33,0.46,-1,-1,-1
859,542,496.33,304.17,70.00,47.17,0.44,-1,-1,-1
871,543,0.00,371.33,134.17,128.67,0.45,-1,-1,-1
909,544,11.04,344.67,129.96,136.00,0.48,-1,-1,-1
911,545,850.00,376.00,230.67,118.67,0.47,-1,-1,-1
912,546,564.67,318.50,94.00,50.83,0.46,-1,-1,-1
913,547,463.33,298.17,48.67,31.00,0.41,-1,-1,-1
916,548,564.00,259.00,305.33,164.67,0.44,-1,-1,-1
917,549,486.00,264.50,150.67,90.17,0.48,-1,-1,-1
918,550,439.67,265.17,98.67,63.00,0.47,-1,-1,-1
919,551,414.67,265.67,68.67,49.67,0.47,-1,-1,-1
920,551,395.00,264.67,51.33,40.33,0.38,-1,-1,-1
940,552,958.00,467.33,322.00,226.00,0.46,-1,-1,-1
941,553,589.67,348.00,203.67,106.00,0.47,-1,-1,-1
942,554,474.00,313.33,101.33,58.67,0.48,-1,-1,-1
943,555,425.33,299.17,61.33,38.33,0.45,-1,-1,-1
944,556,913.33,442.67,357.33,190.67,0.44,-1,-1,-1
945,557,604.33,342.67,145.00,79.33,0.46,-1,-1,-1
946,558,504.67,310.33,79.33,50.67,0.47,-1,-1,-1
947,559,461.33,299.00,52.00,34.33,0.44,-1,-1,-1
954,560,679.00,331.67,185.67,105.33,0.44,-1,-1,-1
955,561,503.67,300.83,71.33,47.17,0.43,-1,-1,-1
1003,562,684.67,400.67,321.33,143.33,0.45,-1,-1,-1
1004,563,505.67,333.83,125.33,76.83,0.45,-1,-1,-1
1004,564,796.00,427.33,381.33,220.67,0.42,-1,-1,-1
1005,563,539.00,340.00,148.33,85.33,0.46,-1,-1,-1
1005,565,438.00,309.83,71.33,41.17,0.45,-1,-1,-1
1006,563,405.67,297.83,46.67,28.33,0.32,-1,-1,-1
1006,565,451.67,311.17,79.33,51.50,0.47,-1,-1,-1
1037,566,700.67,399.67,282.67,153.33,0.47,-1,-1,-1
1038,567,464.00,316.00,79.33,49.33,0.47,-1,-1,-1
1059,568,111.83,292.17,66.83,31.33,0.40,-1,-1,-1
1060,568,112.25,292.33,65.42,31.33,0.41,-1,-1,-1
1061,568,112.17,292.50,66.50,31.33,0.40,-1,-1,-1
1062,568,111.83,292.33,66.33,31.33,0.40,-1,-1,-1
1063,568,112.92,292.50,65.42,31.33,0.40,-1,-1,-1
1064,568,112.42,292.50,64.75,30.33,0.39,-1,-1,-1
1065,568,112.08,292.17,63.75,29.33,0.38,-1,-1,-1
1065,569,114.25,326.67,82.42,70.00,0.44,-1,-1,-1
1066,568,113.00,292.67,67.83,30.00,0.40,-1,-1,-1
1066,570,21.00,361.00,123.58,128.67,0.41,-1,-1,-1
1067,568,113.17,292.67,66.83,30.67,0.40,-1,-1,-1
1068,568,113.08,292.50,68.92,31.33,0.38,-1,-1,-1
1069,568,112.33,292.33,70.17,30.67,0.39,-1,-1,-1
1070,568,112.25,292.33,63.92,29.67,0.35,-1,-1,-1
1071,568,112.17,292.67,58.83,28.33,0.31,-1,-1,-1
1072,568,111.75,292.50,60.58,26.67,0.22,-1,-1,-1
1073,568,112.67,292.50,63.67,28.00,0.29,-1,-1,-1
1074,568,112.83,292.50,64.00,30.33,0.35,-1,-1,-1
1075,568,112.83,292.50,65.17,30.33,0.37,-1,-1,-1
1076,568,113.08,292.50,64.92,31.00,0.39,-1,-1,-1
1077,568,113.17,292.33,65.67,31.33,0.40,-1,-1,-1
1078,568,112.58,292.50,67.92,31.00,0.41,-1,-1,-1
1079,568,112.75,292.50,66.92,31.00,0.41,-1,-1,-1
1080,568,111.83,292.33,66.33,30.67,0.40,-1,-1,-1
1089,571,510.33,155.67,124.00,132.00,0.47,-1,-1,-1
1090,571,510.67,155.33,124.00,132.67,0.46,-1,-1,-1
1091,571,510.67,155.33,124.00,133.00,0.47,-1,-1,-1
1092,571,513.33,162.75,122.00,123.58,0.45,-1,-1,-1
1093,571,513.67,165.08,120.67,122.25,0.47,-1,-1,-1
1094,571,512.67,167.50,122.00,119.67,0.46,-1,-1,-1
1095,571,513.33,164.33,122.00,123.00,0.47,-1,-1,-1
1096,571,514.33,163.58,120.00,123.75,0.47,-1,-1,-1
1097,571,513.33,165.33,120.67,121.67,0.46,-1,-1,-1
1098,571,512.67,165.33,121.33,121.67,0.46,-1,-1,-1
1099,571,510.33,161.42,123.33,128.58,0.46,-1,-1,-1
1100,571,513.33,166.08,120.00,120.92,0.46,-1,-1,-1
1101,571,512.33,165.33,121.33,121.67,0.46,-1,-1,-1
1102,571,513.00,165.67,120.67,121.33,0.46,-1,-1,-1
1103,571,512.67,166.08,121.33,120.92,0.46,-1,-1,-1
1104,571,512.33,165.83,121.33,121.00,0.46,-1,-1,-1
1105,571,512.33,165.17,121.33,122.67,0.46,-1,-1,-1
1106,571,512.33,165.00,121.33,123.00,0.46,-1,-1,-1
1107,571,512.00,165.83,121.33,122.33,0.46,-1,-1,-1
1108,571,512.00,163.83,121.33,124.33,0.46,-1,-1,-1
1109,571,516.33,163.33,117.33,123.33,0.47,-1,-1,-1
1110,571,508.00,161.00,127.33,129.33,0.45,-1,-1,-1
1111,571,507.67,158.83,127.33,132.67,0.45,-1,-1,-1
1112,571,522.33,162.00,111.33,123.33,0.46,-1,-1,-1
1113,571,516.33,163.17,119.33,124.33,0.46,-1,-1,-1
1114,571,507.33,161.75,127.33,128.25,0.48,-1,-1,-1
1114,572,797.33,358.00,165.33,164.67,0.48,-1,-1,-1
1115,571,501.00,168.17,130.00,129.33,0.43,-1,-1,-1
1115,573,796.67,245.83,120.00,120.17,0.47,-1,-1,-1
1116,571,479.67,182.00,139.33,137.33,0.47,-1,-1,-1
1116,574,800.00,183.67,88.00,83.33,0.45,-1,-1,-1
1117,571,437.67,210.83,163.33,153.83,0.49,-1,-1,-1
1117,575,802.00,140.00,68.00,62.33,0.44,-1,-1,-1
1118,571,350.67,262.00,203.33,198.67,0.46,-1,-1,-1
1118,576,798.00,109.50,68.00,46.67,0.45,-1,-1,-1
1137,577,422.67,140.17,103.33,75.00,0.44,-1,-1,-1
1138,578,1.42,348.00,216.92,262.67,0.44,-1,-1,-1
1143,579,978.67,266.33,141.33,109.00,0.45,-1,-1,-1
1144,580,901.33,149.17,84.00,60.33,0.47,-1,-1,-1
1146,581,798.00,179.50,101.33,115.67,0.44,-1,-1,-1
1147,582,796.00,107.25,65.33,57.00,0.45,-1,-1,-1
1158,583,411.33,59.83,181.33,150.00,0.46,-1,-1,-1
1173,584,809.33,107.33,57.33,47.00,0.43,-1,-1,-1
1206,585,307.83,188.33,156.83,110.67,0.46,-1,-1,-1
1207,586,96.92,266.00,246.08,179.33,0.44,-1,-1,-1
1226,587,823.33,233.67,110.67,119.33,0.45,-1,-1,-1
1227,588,806.67,112.42,57.33,44.17,0.43,-1,-1,-1
1248,589,307.00,124.17,137.33,110.67,0.46,-1,-1,-1
1249,590,188.67,150.83,172.67,140.67,0.49,-1,-1,-1
1250,591,472.00,180.00,138.67,127.67,0.48,-1,-1,-1
1250,592,261.17,218.67,173.50,109.33,0.42,-1,-1,-1
1261,593,908.67,139.08,82.67,67.92,0.49,-1,-1,-1
1262,594,870.67,90.67,54.67,40.67,0.42,-1,-1,-1
1299,595,1160.67,539.67,119.33,167.67,0.43,-1,-1,-1
1299,596,52.50,248.00,205.83,119.00,0.42,-1,-1,-1
1300,597,1006.00,299.17,186.67,120.17,0.42,-1,-1,-1
1301,598,938.00,189.50,120.00,94.33,0.42,-1,-1,-1
1302,599,900.67,137.33,84.00,66.00,0.46,-1,-1,-1
1303,600,877.33,105.00,66.67,50.00,0.42,-1,-1,-1
1305,601,869.33,308.67,145.33,137.33,0.46,-1,-1,-1
1306,602,836.67,170.33,78.67,74.33,0.46,-1,-1,-1
1306,603,1007.33,208.17,126.67,136.83,0.44,-1,-1,-1
1307,604,935.33,135.83,80.00,89.00,0.46,-1,-1,-1
1307,605,829.33,113.17,53.33,47.17,0.43,-1,-1,-1
1314,606,1042.00,342.67,229.33,233.33,0.46,-1,-1,-1
1315,607,908.67,141.67,90.67,99.33,0.41,-1,-1,-1
1342,608,432.33,132.33,96.67,72.33,0.40,-1,-1,-1
1343,609,267.33,199.67,158.67,108.67,0.44,-1,-1,-1
1344,610,0.17,359.67,179.67,223.33,0.44,-1,-1,-1
1390,611,756.67,459.33,218.67,260.00,0.47,-1,-1,-1
1391,612,1147.33,485.00,132.67,225.67,0.44,-1,-1,-1
1391,613,406.67,248.67,161.33,140.67,0.44,-1,-1,-1
1391,614,762.67,305.67,142.67,158.00,0.44,-1,-1,-1
1392,615,1047.33,331.33,189.33,142.00,0.46,-1,-1,-1
1392,616,774.67,211.33,104.00,100.67,0.45,-1,-1,-1
1392,617,232.17,343.67,260.50,194.67,0.43,-1,-1,-1
1393,618,770.00,365.00,176.00,217.33,0.48,-1,-1,-1
1393,619,780.00,151.33,69.33,63.67,0.47,-1,-1,-1
1393,620,980.00,232.83,126.67,99.00,0.46,-1,-1,-1
1393,621,495.33,203.67,104.67,94.33,0.40,-1,-1,-1
1394,621,466.33,231.67,119.33,97.00,0.32,-1,-1,-1
1394,622,780.00,228.83,109.33,114.50,0.48,-1,-1,-1
1394,623,938.67,169.17,89.33,69.00,0.46,-1,-1,-1
1394,624,786.00,112.50,52.00,46.83,0.41,-1,-1,-1
1395,625,786.67,156.83,73.33,75.00,0.48,-1,-1,-1
1395,626,909.33,129.67,69.33,47.83,0.42,-1,-1,-1
1396,627,788.00,112.50,56.00,51.17,0.47,-1,-1,-1
1397,628,1095.33,376.00,181.33,197.33,0.44,-1,-1,-1
1398,629,948.67,189.17,113.33,85.67,0.46,-1,-1,-1
1399,630,330.83,612.67,351.17,107.33,0.47,-1,-1,-1
1399,631,890.00,119.33,70.67,48.17,0.46,-1,-1,-1
1400,632,85.67,472.67,446.33,247.33,0.43,-1,-1,-1
1401,633,821.33,328.33,304.00,160.00,0.43,-1,-1,-1
1402,633,940.00,295.00,177.33,142.67,0.44,-1,-1,-1
1403,634,970.00,246.00,124.00,118.67,0.45,-1,-1,-1
1404,635,942.67,202.67,109.33,87.33,0.46,-1,-1,-1
1405,636,914.00,162.33,93.33,71.33,0.47,-1,-1,-1
1406,637,892.67,133.17,73.33,56.83,0.43,-1,-1,-1
1407,638,879.33,106.75,56.00,47.33,0.40,-1,-1,-1
1410,639,1049.33,366.67,225.33,198.67,0.46,-1,-1,-1
1411,640,939.33,189.67,106.67,91.33,0.48,-1,-1,-1
1412,641,810.67,197.17,106.67,101.33,0.46,-1,-1,-1
1412,642,894.00,125.50,73.33,56.17,0.45,-1,-1,-1
1412,643,229.33,326.67,249.33,177.33,0.42,-1,-1,-1
1413,644,803.33,120.25,61.33,47.00,0.44,-1,-1,-1
1413,645,873.33,91.25,50.67,43.50,0.40,-1,-1,-1
1416,646,270.67,191.50,170.67,119.33,0.46,-1,-1,-1
1420,647,520.33,161.42,102.00,81.75,0.42,-1,-1,-1
1440,648,807.33,239.33,121.33,128.00,0.49,-1,-1,-1
1441,649,643.67,370.00,203.67,112.00,0.45,-1,-1,-1
1442,649,643.00,370.00,203.00,111.33,0.45,-1,-1,-1
1443,649,643.33,370.00,201.33,111.33,0.44,-1,-1,-1
1444,649,643.33,370.00,201.33,111.33,0.45,-1,-1,-1
1445,649,643.00,370.33,203.00,111.33,0.45,-1,-1,-1
1446,649,652.00,372.33,200.00,112.00,0.46,-1,-1,-1
1447,649,686.00,383.00,216.00,116.67,0.43,-1,-1,-1
1448,650,756.67,402.33,253.33,120.67,0.48,-1,-1,-1
1449,650,838.67,419.00,281.33,119.33,0.46,-1,-1,-1
1450,650,838.67,419.00,281.33,119.33,0.46,-1,-1,-1
1479,651,631.00,270.67,87.67,32.00,0.41,-1,-1,-1
1495,652,750.00,309.33,109.33,54.67,0.44,-1,-1,-1
1496,652,750.00,309.17,109.33,54.83,0.44,-1,-1,-1
1499,653,777.33,258.33,346.67,156.67,0.47,-1,-1,-1
1500,654,650.00,249.33,252.00,116.00,0.47,-1,-1,-1
1501,655,553.00,232.33,193.67,95.33,0.47,-1,-1,-1
1502,656,487.33,228.67,152.00,76.67,0.46,-1,-1,-1
1503,656,446.00,219.67,135.33,77.33,0.47,-1,-1,-1
1504,656,446.00,219.67,135.33,77.33,0.47,-1,-1,-1
1513,657,406.00,355.33,147.33,108.67,0.42,-1,-1,-1
1514,657,405.33,355.33,148.00,108.67,0.42,-1,-1,-1
1516,658,792.67,352.67,160.00,65.33,0.46,-1,-1,-1
1517,659,1060.00,387.33,220.00,140.67,0.47,-1,-1,-1
1517,660,567.00,294.50,93.33,47.17,0.47,-1,-1,-1
1518,661,697.33,322.33,138.67,62.00,0.43,-1,-1,-1
1518,662,772.00,307.67,96.00,54.00,0.42,-1,-1,-1
1519,663,514.00,277.17,86.67,47.00,0.46,-1,-1,-1
1519,664,578.67,270.50,65.33,44.33,0.42,-1,-1,-1
1531,665,360.67,309.50,158.67,128.50,0.46,-1,-1,-1
1531,666,412.33,215.67,118.00,71.67,0.41,-1,-1,-1
1551,667,508.33,245.17,158.00,65.00,0.46,-1,-1,-1
1552,668,405.33,246.00,172.67,70.00,0.48,-1,-1,-1
1553,668,340.67,246.33,183.33,73.67,0.43,-1,-1,-1
1554,668,340.17,246.33,183.83,73.67,0.44,-1,-1,-1
1555,668,266.67,251.17,127.33,97.17,0.39,-1,-1,-1
1556,668,267.00,251.33,126.67,97.00,0.39,-1,-1,-1
1557,669,306.33,266.67,144.00,124.67,0.49,-1,-1,-1
1558,669,323.83,274.67,179.50,144.00,0.48,-1,-1,-1
1559,669,362.67,285.17,194.00,159.17,0.49,-1,-1,-1
1560,669,393.33,292.67,212.00,178.00,0.49,-1,-1,-1
1561,669,417.33,298.67,231.33,192.00,0.49,-1,-1,-1
1562,669,424.67,304.67,241.33,195.33,0.49,-1,-1,-1
1563,669,425.33,306.33,244.67,195.33,0.48,-1,-1,-1
1564,669,428.33,307.33,242.67,195.33,0.48,-1,-1,-1
1565,669,428.67,307.33,241.33,194.67,0.48,-1,-1,-1
1565,670,660.67,267.33,86.67,34.33,0.42,-1,-1,-1
1566,669,428.67,307.67,241.33,194.67,0.48,-1,-1,-1
1566,671,563.33,267.33,94.67,39.33,0.45,-1,-1,-1
1567,669,428.67,305.50,241.33,197.83,0.48,-1,-1,-1
1567,672,475.33,267.67,102.00,46.33,0.44,-1,-1,-1
1568,669,428.00,308.00,242.00,195.33,0.48,-1,-1,-1
1568,673,416.67,272.67,96.00,49.33,0.43,-1,-1,-1
1569,669,428.67,307.67,241.33,195.33,0.48,-1,-1,-1
1569,673,401.33,283.17,70.00,51.00,0.38,-1,-1,-1
1570,669,428.00,303.67,240.67,200.67,0.47,-1,-1,-1
1571,669,428.67,298.33,240.00,206.67,0.48,-1,-1,-1
1572,669,428.67,298.00,240.00,207.33,0.48,-1,-1,-1
1573,669,428.00,311.33,238.67,190.00,0.49,-1,-1,-1
1574,669,428.00,311.33,238.67,190.00,0.49,-1,-1,-1
1575,669,466.33,325.00,277.67,216.67,0.50,-1,-1,-1
1576,669,537.00,337.00,333.67,307.33,0.40,-1,-1,-1
1577,669,610.00,374.00,410.67,331.33,0.31,-1,-1,-1
1578,669,609.67,373.67,413.00,331.67,0.30,-1,-1,-1
1579,674,794.00,398.00,258.67,122.67,0.48,-1,-1,-1
1580,674,794.00,398.00,258.67,122.67,0.48,-1,-1,-1
1601,675,681.33,300.00,98.67,52.67,0.43,-1,-1,-1
1602,675,681.33,300.00,98.67,52.67,0.43,-1,-1,-1
1603,676,1040.00,397.67,193.33,86.00,0.47,-1,-1,-1
1604,677,722.67,321.17,117.33,54.50,0.44,-1,-1,-1
1605,678,540.33,281.83,79.33,38.00,0.47,-1,-1,-1
1609,679,740.67,328.17,142.67,68.17,0.45,-1,-1,-1
1610,679,741.33,328.17,141.33,68.17,0.45,-1,-1,-1
1616,680,856.00,340.00,156.00,72.00,0.46,-1,-1,-1
1617,681,740.00,312.83,126.67,62.50,0.47,-1,-1,-1
1618,682,677.67,300.17,115.00,61.17,0.45,-1,-1,-1
1619,682,656.33,297.17,107.00,57.50,0.47,-1,-1,-1
1620,682,656.33,297.17,107.00,57.50,0.47,-1,-1,-1
1621,682,634.00,291.50,102.67,57.50,0.48,-1,-1,-1
1622,682,634.00,291.50,102.67,57.50,0.48,-1,-1,-1
1623,682,633.67,291.33,103.67,58.00,0.48,-1,-1,-1
1624,682,632.67,291.33,104.00,58.00,0.48,-1,-1,-1
1625,682,632.67,291.50,104.00,57.50,0.48,-1,-1,-1
1626,682,632.67,291.67,104.00,57.33,0.48,-1,-1,-1
1627,682,633.00,291.33,103.67,58.00,0.48,-1,-1,-1
1628,682,633.67,291.50,103.67,57.50,0.48,-1,-1,-1
1629,682,633.33,291.33,104.00,58.00,0.47,-1,-1,-1
1630,682,633.00,291.33,103.00,58.00,0.48,-1,-1,-1
1631,682,633.33,291.67,102.67,56.67,0.48,-1,-1,-1
1632,682,633.33,291.67,102.67,56.67,0.48,-1,-1,-1
1633,682,632.33,289.00,104.33,61.33,0.48,-1,-1,-1
1633,683,647.00,263.00,103.67,45.00,0.42,-1,-1,-1
1634,682,632.33,289.00,104.33,61.33,0.48,-1,-1,-1
1634,683,647.00,262.83,103.67,45.33,0.42,-1,-1,-1
1635,682,632.33,290.83,105.00,57.83,0.48,-1,-1,-1
1635,684,424.00,268.50,119.33,54.00,0.46,-1,-1,-1
1636,682,632.33,292.33,104.33,56.67,0.48,-1,-1,-1
1636,685,357.00,274.67,104.67,59.67,0.46,-1,-1,-1
1637,682,632.67,290.50,104.00,58.50,0.47,-1,-1,-1
1637,685,341.67,284.50,75.33,81.83,0.46,-1,-1,-1
1638,682,632.67,290.33,104.00,59.00,0.48,-1,-1,-1
1638,686,357.33,298.33,103.33,90.67,0.45,-1,-1,-1
1638,687,347.33,262.83,100.00,33.67,0.41,-1,-1,-1
1639,682,632.67,289.67,105.33,59.67,0.48,-1,-1,-1
1639,686,376.67,311.00,128.00,98.00,0.47,-1,-1,-1
1639,688,446.00,261.33,78.67,37.33,0.41,-1,-1,-1
1640,682,633.00,289.67,105.00,59.67,0.48,-1,-1,-1
1640,686,376.33,311.00,128.67,98.00,0.47,-1,-1,-1
1640,688,446.00,261.50,78.67,37.33,0.41,-1,-1,-1
1641,682,634.00,290.33,102.67,58.33,0.47,-1,-1,-1
1641,689,455.33,344.33,177.33,128.67,0.49,-1,-1,-1
1642,682,634.00,290.50,102.67,58.17,0.47,-1,-1,-1
1642,689,455.67,344.67,176.67,128.00,0.49,-1,-1,-1
1643,682,632.33,290.17,105.00,58.83,0.48,-1,-1,-1
1643,689,480.67,355.00,193.33,136.67,0.45,-1,-1,-1
1644,682,632.67,290.33,104.00,58.00,0.47,-1,-1,-1
1644,689,480.00,355.67,194.67,136.67,0.45,-1,-1,-1
1645,682,632.33,290.67,104.33,57.67,0.47,-1,-1,-1
1645,689,481.33,353.33,193.33,138.67,0.46,-1,-1,-1
1645,690,777.33,513.67,294.67,143.33,0.46,-1,-1,-1
1645,691,592.00,265.17,96.00,34.00,0.42,-1,-1,-1
1646,682,632.33,291.17,105.00,56.50,0.47,-1,-1,-1
1646,689,480.67,354.33,194.00,137.33,0.46,-1,-1,-1
1646,692,331.67,271.00,118.00,37.33,0.43,-1,-1,-1
1647,682,632.00,291.17,105.33,57.83,0.47,-1,-1,-1
1647,689,481.67,355.67,192.67,136.67,0.46,-1,-1,-1
1648,682,632.33,291.17,105.00,57.83,0.47,-1,-1,-1
1648,689,481.67,356.00,192.67,136.00,0.46,-1,-1,-1
1649,682,633.00,289.67,104.33,59.33,0.47,-1,-1,-1
1649,689,480.00,355.00,194.67,136.00,0.46,-1,-1,-1
1650,682,633.00,289.67,104.33,59.33,0.47,-1,-1,-1
1650,689,480.33,355.33,194.67,136.00,0.46,-1,-1,-1
1651,682,633.00,289.67,104.33,59.00,0.47,-1,-1,-1
1651,689,480.33,355.67,194.67,136.00,0.46,-1,-1,-1
1652,682,632.67,289.33,105.33,59.33,0.47,-1,-1,-1
1652,689,480.67,355.00,194.67,136.67,0.46,-1,-1,-1
1653,682,633.67,290.00,103.67,58.67,0.47,-1,-1,-1
1653,689,480.67,355.67,194.67,136.67,0.46,-1,-1,-1
1654,682,633.33,290.00,104.00,58.67,0.47,-1,-1,-1
1654,689,487.67,359.00,201.00,137.33,0.49,-1,-1,-1
1655,682,633.33,290.17,104.00,58.17,0.47,-1,-1,-1
1655,689,507.67,365.33,207.00,145.33,0.49,-1,-1,-1
1656,682,632.00,289.33,105.33,59.33,0.47,-1,-1,-1
1656,689,562.00,385.33,238.67,164.67,0.45,-1,-1,-1
1657,682,631.67,290.83,105.00,57.17,0.47,-1,-1,-1
1657,689,703.33,439.00,322.67,230.00,0.46,-1,-1,-1
1658,682,622.67,289.33,100.67,55.00,0.47,-1,-1,-1
1659,682,605.33,286.67,96.67,53.00,0.46,-1,-1,-1
1660,682,605.33,286.67,96.67,53.00,0.47,-1,-1,-1
1661,693,518.67,268.17,75.33,43.00,0.47,-1,-1,-1
1662,693,518.67,268.17,75.33,43.00,0.47,-1,-1,-1
1663,694,351.00,304.50,91.33,64.50,0.44,-1,-1,-1
1664,694,338.50,290.67,86.17,55.00,0.34,-1,-1,-1
1664,695,428.67,342.33,126.67,88.00,0.45,-1,-1,-1
1664,696,232.33,284.33,75.67,66.00,0.44,-1,-1,-1
1665,695,450.67,329.67,99.33,66.00,0.35,-1,-1,-1
1665,697,584.67,410.33,204.00,141.33,0.47,-1,-1,-1
1665,698,268.33,305.50,101.67,89.83,0.46,-1,-1,-1
1666,697,617.00,394.33,200.33,114.00,0.49,-1,-1,-1
1666,699,960.67,594.33,319.33,125.67,0.41,-1,-1,-1
1667,700,876.67,491.67,341.33,188.00,0.47,-1,-1,-1
1667,701,854.00,328.00,149.33,69.33,0.47,-1,-1,-1
1668,700,877.33,492.00,340.00,188.00,0.47,-1,-1,-1
1668,701,854.00,328.00,149.33,69.33,0.47,-1,-1,-1
1669,702,562.00,268.50,83.33,44.67,0.48,-1,-1,-1
1670,702,562.00,268.50,83.33,44.67,0.48,-1,-1,-1
1671,703,357.00,279.67,96.67,60.00,0.41,-1,-1,-1
1673,704,444.33,302.83,121.33,73.83,0.46,-1,-1,-1
1675,705,528.00,328.33,152.67,87.33,0.43,-1,-1,-1
1676,705,562.00,340.67,163.33,92.67,0.42,-1,-1,-1
1677,705,584.00,342.00,174.00,104.67,0.48,-1,-1,-1
1678,705,588.33,341.33,178.33,108.67,0.49,-1,-1,-1
1679,705,590.00,339.33,178.67,113.33,0.47,-1,-1,-1
1680,705,591.00,339.33,178.33,113.33,0.47,-1,-1,-1
1681,705,594.33,344.67,176.33,105.33,0.46,-1,-1,-1
1682,705,594.67,344.33,175.33,105.33,0.46,-1,-1,-1
1683,705,591.33,339.00,177.33,114.00,0.47,-1,-1,-1
1684,705,591.33,339.00,177.33,114.00,0.47,-1,-1,-1
1685,705,591.67,338.67,177.67,114.00,0.47,-1,-1,-1
1686,705,594.67,343.67,176.00,106.67,0.47,-1,-1,-1
1687,705,591.00,339.33,178.33,113.33,0.47,-1,-1,-1
1688,705,591.00,339.00,178.33,114.00,0.47,-1,-1,-1
1689,705,596.00,340.00,172.67,108.67,0.46,-1,-1,-1
1690,705,596.00,340.33,172.67,108.67,0.46,-1,-1,-1
1691,705,592.33,338.67,175.67,116.00,0.48,-1,-1,-1
1692,705,591.67,344.67,178.33,109.33,0.46,-1,-1,-1
1692,706,548.67,279.83,86.00,45.33,0.41,-1,-1,-1
1693,705,592.33,338.17,177.00,116.83,0.46,-1,-1,-1
1693,707,458.00,262.17,61.33,34.67,0.42,-1,-1,-1
1694,705,594.67,344.67,174.67,106.67,0.46,-1,-1,-1
1695,705,594.33,343.00,175.67,108.00,0.46,-1,-1,-1
1696,705,594.33,343.67,175.00,107.33,0.46,-1,-1,-1
1697,705,594.33,343.33,175.00,108.00,0.45,-1,-1,-1
1698,705,594.00,343.67,176.00,108.00,0.46,-1,-1,-1
1699,705,594.33,343.67,175.00,107.33,0.46,-1,-1,-1
1700,705,596.67,341.67,181.33,113.33,0.47,-1,-1,-1
1701,705,608.67,349.67,180.00,111.33,0.47,-1,-1,-1
1702,705,608.67,350.00,180.00,111.33,0.48,-1,-1,-1
1703,705,686.67,368.67,220.00,116.00,0.47,-1,-1,-1
1704,705,686.67,369.00,220.00,115.33,0.47,-1,-1,-1
1705,708,1104.00,401.00,176.00,122.00,0.46,-1,-1,-1
1718,709,0.83,578.33,198.00,141.67,0.43,-1,-1,-1
1719,710,87.33,551.67,350.33,167.00,0.45,-1,-1,-1
1720,710,266.33,533.00,316.67,171.00,0.43,-1,-1,-1
1721,710,499.67,501.33,277.67,152.00,0.46,-1,-1,-1
1722,710,500.00,501.33,278.00,152.00,0.46,-1,-1,-1
1723,711,841.33,444.00,185.33,119.33,0.47,-1,-1,-1
1724,711,841.33,444.33,185.33,118.67,0.47,-1,-1,-1
1727,712,974.67,353.00,97.33,72.67,0.47,-1,-1,-1
1728,712,934.67,340.00,104.00,67.33,0.47,-1,-1,-1
1729,713,892.00,331.00,106.67,58.67,0.43,-1,-1,-1
1730,712,934.67,340.00,104.00,67.33,0.46,-1,-1,-1
1731,712,821.33,317.00,101.33,54.67,0.43,-1,-1,-1
1732,712,821.33,317.00,101.33,54.67,0.43,-1,-1,-1
1733,712,756.00,301.17,98.67,51.83,0.46,-1,-1,-1
1734,712,755.33,301.17,98.67,51.83,0.46,-1,-1,-1
1735,712,710.67,297.83,88.00,42.17,0.46,-1,-1,-1
1736,712,700.67,292.33,85.33,44.67,0.46,-1,-1,-1
1737,712,692.67,290.67,84.00,44.33,0.47,-1,-1,-1
1738,712,686.00,289.00,82.67,44.33,0.46,-1,-1,-1
1739,712,678.33,287.50,81.67,44.00,0.44,-1,-1,-1
1740,712,672.33,287.50,81.00,42.67,0.44,-1,-1,-1
1741,712,665.67,285.33,76.33,43.00,0.42,-1,-1,-1
1742,712,654.00,284.50,73.33,39.33,0.44,-1,-1,-1
1743,712,640.00,282.33,74.00,38.33,0.46,-1,-1,-1
1744,712,640.00,282.33,74.00,38.33,0.46,-1,-1,-1
1745,714,583.33,271.50,64.00,34.33,0.40,-1,-1,-1
1746,714,583.33,271.50,64.00,34.67,0.41,-1,-1,-1
1747,715,1030.00,375.33,201.33,83.33,0.44,-1,-1,-1
1747,716,318.33,288.33,89.33,60.00,0.41,-1,-1,-1
1748,717,424.67,333.50,132.00,84.17,0.46,-1,-1,-1
1748,718,785.33,321.50,137.33,61.17,0.42,-1,-1,-1
1749,719,698.67,447.33,273.33,155.33,0.49,-1,-1,-1
1749,720,982.00,392.00,209.33,92.00,0.45,-1,-1,-1
1749,721,618.67,286.33,94.67,43.67,0.43,-1,-1,-1
1750,722,788.00,334.67,156.00,79.33,0.42,-1,-1,-1
1750,723,237.17,298.50,75.67,59.50,0.41,-1,-1,-1
1751,724,687.33,308.33,128.00,70.00,0.46,-1,-1,-1
1751,725,264.17,315.33,95.50,71.33,0.42,-1,-1,-1
1752,724,687.33,308.67,128.00,70.00,0.46,-1,-1,-1
1752,725,264.50,315.33,95.17,71.33,0.42,-1,-1,-1
1753,726,483.67,449.33,219.00,163.33,0.45,-1,-1,-1
1753,727,324.00,272.33,82.00,57.00,0.42,-1,-1,-1
1754,726,483.33,449.67,219.33,163.33,0.45,-1,-1,-1
1754,727,324.00,272.33,82.00,57.00,0.43,-1,-1,-1
1755,728,508.67,324.00,144.00,92.00,0.48,-1,-1,-1
1756,729,589.33,347.33,173.33,106.67,0.47,-1,-1,-1
1757,729,638.67,366.67,189.33,116.00,0.48,-1,-1,-1
1758,729,651.00,368.33,198.33,121.33,0.47,-1,-1,-1
1759,729,651.33,368.00,197.33,122.67,0.47,-1,-1,-1
1760,729,652.67,368.00,196.00,123.33,0.47,-1,-1,-1
1761,729,651.00,368.00,198.33,123.33,0.47,-1,-1,-1
1762,729,650.33,368.00,198.33,123.33,0.47,-1,-1,-1
1763,729,652.67,368.33,196.00,123.33,0.47,-1,-1,-1
1764,729,652.67,368.00,196.00,123.33,0.47,-1,-1,-1
1765,729,651.33,368.00,197.33,122.67,0.48,-1,-1,-1
1766,729,651.33,368.00,197.33,122.67,0.48,-1,-1,-1
1767,729,650.67,368.67,197.33,122.67,0.47,-1,-1,-1
1768,729,650.67,368.67,197.33,122.67,0.48,-1,-1,-1
1769,729,652.67,368.00,194.67,122.67,0.47,-1,-1,-1
1770,729,652.67,368.67,194.67,122.00,0.48,-1,-1,-1
1771,729,652.67,368.67,194.67,122.00,0.47,-1,-1,-1
1772,729,652.67,368.67,194.67,122.00,0.47,-1,-1,-1
1773,729,652.67,368.00,194.67,124.00,0.48,-1,-1,-1
1774,729,652.67,368.00,193.33,122.67,0.47,-1,-1,-1
1775,729,652.00,368.33,194.67,122.00,0.47,-1,-1,-1
1775,730,1020.00,368.00,174.67,72.00,0.43,-1,-1,-1
1776,729,652.33,368.67,195.67,122.00,0.47,-1,-1,-1
1776,730,1020.00,368.00,174.67,72.00,0.44,-1,-1,-1
1777,729,652.00,368.33,194.67,122.67,0.47,-1,-1,-1
1777,731,542.67,284.00,83.33,42.67,0.42,-1,-1,-1
1778,729,652.00,368.33,194.67,122.67,0.47,-1,-1,-1
1778,731,542.67,284.00,83.33,42.67,0.42,-1,-1,-1
1779,729,650.33,368.00,197.67,124.00,0.47,-1,-1,-1
1780,729,652.00,368.00,196.00,123.33,0.47,-1,-1,-1
1781,729,652.00,368.33,194.67,122.67,0.47,-1,-1,-1
1782,729,651.00,368.67,196.33,123.33,0.47,-1,-1,-1
1783,729,650.67,368.67,196.00,123.33,0.47,-1,-1,-1
1784,729,650.67,368.33,197.33,123.33,0.47,-1,-1,-1
1785,729,650.67,369.00,196.00,123.33,0.48,-1,-1,-1
1786,729,652.33,369.33,196.33,122.00,0.48,-1,-1,-1
1787,729,673.33,377.33,204.00,116.00,0.49,-1,-1,-1
1788,729,723.33,387.33,230.67,125.33,0.47,-1,-1,-1
1789,729,835.33,404.67,265.33,132.67,0.48,-1,-1,-1
1790,732,1042.67,426.67,236.00,129.33,0.45,-1,-1,-1
1801,733,264.83,252.00,90.83,88.67,0.47,-1,-1,-1
1801,734,285.83,143.08,103.50,129.58,0.45,-1,-1,-1
1802,733,264.33,252.67,95.33,84.33,0.43,-1,-1,-1
1802,734,285.00,145.42,104.33,121.92,0.45,-1,-1,-1
1803,733,263.67,253.00,91.67,88.00,0.47,-1,-1,-1
1803,734,284.33,143.50,104.33,132.00,0.47,-1,-1,-1
1804,733,264.33,252.50,95.00,85.33,0.45,-1,-1,-1
1804,734,284.33,146.17,104.33,120.00,0.46,-1,-1,-1
1805,733,264.33,253.33,91.33,85.33,0.48,-1,-1,-1
1805,734,285.00,143.00,103.33,130.33,0.46,-1,-1,-1
1806,733,265.00,252.50,92.00,85.33,0.46,-1,-1,-1
1806,734,284.33,145.17,103.67,122.33,0.46,-1,-1,-1
1806,735,558.00,141.83,88.00,29.33,0.43,-1,-1,-1
1807,733,264.67,253.00,91.67,86.67,0.48,-1,-1,-1
1807,734,285.17,143.58,102.83,129.42,0.46,-1,-1,-1
1808,733,264.17,253.00,93.50,86.67,0.47,-1,-1,-1
1808,734,284.83,145.50,103.83,122.33,0.45,-1,-1,-1
1809,733,264.00,252.33,95.67,85.00,0.45,-1,-1,-1
1809,734,284.83,144.83,104.50,122.33,0.45,-1,-1,-1
1810,733,263.50,255.17,93.83,84.17,0.48,-1,-1,-1
1810,734,283.67,145.00,104.33,127.00,0.45,-1,-1,-1
1811,733,263.83,265.50,92.17,76.50,0.45,-1,-1,-1
1811,734,281.17,149.83,107.50,122.67,0.46,-1,-1,-1
1812,733,268.33,267.50,99.33,91.17,0.47,-1,-1,-1
1812,734,277.67,152.00,110.67,117.67,0.46,-1,-1,-1
1813,734,271.17,146.42,117.50,133.92,0.48,-1,-1,-1
1813,736,279.00,283.67,150.00,109.67,0.44,-1,-1,-1
1814,734,257.00,151.50,132.00,156.67,0.46,-1,-1,-1
1814,737,333.00,312.00,230.00,128.67,0.47,-1,-1,-1
1815,734,239.33,161.58,148.00,178.42,0.48,-1,-1,-1
1815,738,502.67,346.00,332.67,152.00,0.48,-1,-1,-1
1816,734,231.00,161.83,158.67,219.50,0.47,-1,-1,-1
1816,739,864.67,387.33,382.67,160.00,0.45,-1,-1,-1
1817,734,262.83,183.33,218.50,253.00,0.48,-1,-1,-1
1822,740,1002.67,275.33,277.33,250.00,0.47,-1,-1,-1
1837,741,681.33,146.17,88.00,32.17,0.42,-1,-1,-1
1839,742,417.67,150.75,86.00,31.25,0.45,-1,-1,-1
1840,743,233.50,153.17,88.67,29.67,0.44,-1,-1,-1
1841,744,367.67,146.92,88.67,28.75,0.48,-1,-1,-1
1842,745,244.33,148.08,90.33,29.75,0.46,-1,-1,-1
1842,746,435.67,148.58,79.33,28.75,0.43,-1,-1,-1
1843,745,278.33,150.25,82.67,31.25,0.44,-1,-1,-1
1844,747,97.17,154.17,87.83,32.33,0.43,-1,-1,-1
1845,748,360.33,145.75,79.33,30.25,0.43,-1,-1,-1
1846,749,192.83,147.00,84.00,32.17,0.46,-1,-1,-1
1851,750,217.33,320.50,383.33,153.50,0.41,-1,-1,-1
1859,751,420.67,322.00,309.33,108.00,0.47,-1,-1,-1
1860,752,1076.67,322.00,202.67,90.00,0.47,-1,-1,-1
1864,753,626.00,451.00,425.33,180.67,0.44,-1,-1,-1
1864,754,0.17,382.00,201.67,132.00,0.40,-1,-1,-1
1865,755,600.67,357.33,348.00,156.67,0.49,-1,-1,-1
1904,756,520.67,524.67,252.67,190.67,0.48,-1,-1,-1
1905,757,496.67,421.67,188.67,160.00,0.49,-1,-1,-1
1906,758,470.00,343.33,146.67,119.33,0.46,-1,-1,-1
1906,759,570.67,549.00,300.00,170.33,0.42,-1,-1,-1
1907,760,453.67,283.83,112.00,92.17,0.48,-1,-1,-1
1907,761,540.67,419.00,206.00,200.00,0.43,-1,-1,-1
1908,762,503.67,330.17,160.00,149.50,0.44,-1,-1,-1
1908,763,448.00,239.67,88.00,73.00,0.41,-1,-1,-1
1909,764,443.33,207.83,78.67,59.00,0.44,-1,-1,-1
1910,765,463.67,220.83,91.33,89.00,0.44,-1,-1,-1
1914,766,224.00,156.33,83.00,30.33,0.46,-1,-1,-1
1915,767,335.00,151.33,79.33,34.67,0.42,-1,-1,-1
1916,768,227.00,146.67,86.00,34.33,0.47,-1,-1,-1
1927,769,1.92,297.00,213.08,218.00,0.49,-1,-1,-1
1931,770,1044.67,280.33,234.67,204.00,0.45,-1,-1,-1
1940,771,945.33,429.33,334.67,180.67,0.47,-1,-1,-1
1940,772,231.83,151.33,90.00,30.17,0.42,-1,-1,-1
1942,773,1001.33,338.17,278.67,106.83,0.48,-1,-1,-1
1970,774,398.67,143.92,88.67,31.58,0.47,-1,-1,-1
1971,775,167.67,146.50,93.67,33.83,0.47,-1,-1,-1
2008,776,500.67,144.08,71.33,30.75,0.42,-1,-1,-1
2009,777,597.33,147.08,83.33,36.75,0.42,-1,-1,-1
2009,778,363.67,145.17,70.00,31.67,0.41,-1,-1,-1
2010,779,189.33,147.08,76.33,32.42,0.44,-1,-1,-1
2010,780,461.00,146.58,82.00,30.92,0.42,-1,-1,-1
2010,781,520.67,150.17,84.00,34.83,0.41,-1,-1,-1
2011,780,436.00,151.83,85.33,35.67,0.39,-1,-1,-1
2011,782,312.00,148.08,87.33,31.75,0.44,-1,-1,-1
2012,780,150.00,147.83,91.33,36.00,0.37,-1,-1,-1
2012,783,360.67,155.50,82.67,35.33,0.46,-1,-1,-1
2018,784,287.67,199.17,75.00,71.00,0.47,-1,-1,-1
2019,784,282.67,211.33,80.67,82.33,0.46,-1,-1,-1
2020,784,276.00,222.67,88.00,93.33,0.46,-1,-1,-1
2021,784,273.67,232.83,90.33,95.67,0.46,-1,-1,-1
2022,784,274.00,235.67,89.67,97.67,0.46,-1,-1,-1
2023,784,273.83,236.83,90.17,98.33,0.46,-1,-1,-1
2024,784,274.00,237.33,90.00,97.67,0.46,-1,-1,-1
2025,784,274.00,238.50,90.33,97.00,0.47,-1,-1,-1
2026,784,274.00,238.67,90.00,96.67,0.46,-1,-1,-1
2027,784,273.83,237.83,90.17,97.67,0.47,-1,-1,-1
2028,784,273.83,237.67,89.50,97.67,0.46,-1,-1,-1
2029,784,274.50,237.83,89.50,98.67,0.47,-1,-1,-1
2030,784,274.33,237.67,89.67,99.00,0.47,-1,-1,-1
2031,784,274.00,238.33,90.67,98.00,0.47,-1,-1,-1
2032,784,274.00,238.00,91.67,99.00,0.47,-1,-1,-1
2033,784,274.00,237.67,91.67,99.33,0.47,-1,-1,-1
2034,784,274.00,237.83,91.33,99.00,0.47,-1,-1,-1
2035,784,274.00,237.50,90.67,99.00,0.46,-1,-1,-1
2036,784,274.33,237.83,89.33,98.67,0.46,-1,-1,-1
2037,784,274.00,238.50,89.00,96.67,0.46,-1,-1,-1
2038,784,274.00,238.50,89.33,97.00,0.46,-1,-1,-1
2039,784,275.33,239.17,87.00,94.67,0.47,-1,-1,-1
2040,784,274.17,238.00,89.83,97.00,0.45,-1,-1,-1
2041,784,275.00,237.83,87.33,95.33,0.47,-1,-1,-1
2042,784,274.83,238.00,87.17,97.33,0.46,-1,-1,-1
2043,784,274.83,238.17,87.17,95.67,0.47,-1,-1,-1
2044,784,275.00,238.33,87.00,95.67,0.47,-1,-1,-1
2045,784,275.00,237.67,88.33,96.67,0.46,-1,-1,-1
2046,784,274.33,238.33,89.33,97.33,0.46,-1,-1,-1
2046,785,51.33,435.67,398.67,161.33,0.41,-1,-1,-1
2047,784,274.83,238.00,87.50,96.00,0.46,-1,-1,-1
2048,784,274.50,238.00,89.50,97.67,0.46,-1,-1,-1
2048,786,462.00,356.00,367.33,136.00,0.45,-1,-1,-1
2049,784,275.17,238.50,87.17,95.67,0.46,-1,-1,-1
2050,784,275.00,237.83,86.33,96.00,0.47,-1,-1,-1
2051,784,275.17,238.33,87.50,96.33,0.46,-1,-1,-1
2052,784,275.00,238.33,87.33,96.00,0.46,-1,-1,-1
2053,784,275.33,239.33,86.67,94.67,0.47,-1,-1,-1
2054,784,275.33,238.67,86.33,95.33,0.47,-1,-1,-1
2055,784,275.00,239.83,87.67,95.00,0.47,-1,-1,-1
2056,784,275.00,239.67,87.33,94.67,0.47,-1,-1,-1
2057,784,275.00,240.00,87.67,94.33,0.47,-1,-1,-1
2058,784,275.00,240.33,87.33,94.33,0.47,-1,-1,-1
2059,784,274.67,239.33,87.67,95.00,0.47,-1,-1,-1
2060,784,274.67,239.50,87.67,94.67,0.47,-1,-1,-1
2061,784,274.50,238.17,87.50,96.33,0.47,-1,-1,-1
2062,784,274.67,238.17,93.33,97.00,0.45,-1,-1,-1
2063,784,274.50,238.33,94.83,96.33,0.46,-1,-1,-1
2064,784,274.33,237.00,91.00,97.00,0.46,-1,-1,-1
2065,784,273.83,238.00,88.83,97.00,0.47,-1,-1,-1
2066,784,274.33,239.83,92.67,94.67,0.45,-1,-1,-1
2067,784,274.17,240.67,94.50,96.33,0.43,-1,-1,-1
2068,784,271.50,247.00,95.83,94.00,0.40,-1,-1,-1
2069,784,272.00,254.00,95.00,97.33,0.48,-1,-1,-1
2070,784,267.17,254.17,107.83,118.17,0.09,-1,-1,-1
2071,784,258.00,265.17,112.33,126.83,0.41,-1,-1,-1
2071,787,464.67,408.67,196.67,188.67,0.48,-1,-1,-1
2072,784,258.67,286.17,116.67,131.83,0.38,-1,-1,-1
2072,788,457.00,321.33,132.67,130.00,0.49,-1,-1,-1
2073,789,444.33,262.50,102.00,91.50,0.47,-1,-1,-1
2074,790,364.00,344.00,276.67,150.00,0.49,-1,-1,-1
2075,791,424.00,200.50,81.33,57.33,0.44,-1,-1,-1
2075,792,643.00,379.33,337.00,172.00,0.43,-1,-1,-1
2076,793,1066.67,405.67,213.33,151.33,0.46,-1,-1,-1
2080,794,292.83,153.17,86.83,32.00,0.48,-1,-1,-1
2081,795,213.67,151.25,90.67,31.42,0.44,-1,-1,-1
2098,796,536.33,144.42,83.33,26.92,0.44,-1,-1,-1
2099,797,381.67,144.08,84.67,28.58,0.45,-1,-1,-1
2100,798,217.00,146.42,88.00,28.58,0.48,-1,-1,-1
2101,799,59.92,151.75,78.33,28.08,0.44,-1,-1,-1
2112,800,96.50,372.00,350.83,139.33,0.47,-1,-1,-1
2113,801,954.00,365.00,324.00,124.00,0.47,-1,-1,-1
2119,802,256.83,150.25,86.50,28.42,0.42,-1,-1,-1
2139,803,263.17,148.42,83.17,28.92,0.46,-1,-1,-1
2145,804,585.00,142.50,84.67,32.17,0.44,-1,-1,-1
2146,805,380.67,143.50,83.33,32.17,0.46,-1,-1,-1
2147,806,168.33,146.33,89.00,32.33,0.46,-1,-1,-1
2155,807,504.67,388.00,165.33,165.33,0.46,-1,-1,-1
2156,808,482.67,291.00,117.33,110.67,0.44,-1,-1,-1
2157,809,456.33,237.33,96.67,77.00,0.46,-1,-1,-1
2281,810,643.33,270.33,197.33,148.67,0.49,-1,-1,-1
2282,811,514.00,242.83,92.67,89.00,0.46,-1,-1,-1
2283,812,456.00,233.00,61.33,60.00,0.44,-1,-1,-1
2367,813,1074.67,485.33,205.33,216.67,0.41,-1,-1,-1
2368,814,624.00,311.50,132.00,73.83,0.45,-1,-1,-1
2369,815,486.33,266.00,69.33,43.33,0.43,-1,-1,-1
2401,816,42.12,402.00,156.38,158.67,0.45,-1,-1,-1
2402,817,0.00,486.67,182.67,228.00,0.48,-1,-1,-1
2403,817,0.29,582.67,155.04,136.67,0.46,-1,-1,-1
2446,818,1042.00,434.67,234.67,285.33,0.43,-1,-1,-1
2447,819,689.33,326.00,253.33,183.33,0.43,-1,-1,-1
2448,820,531.33,278.17,127.33,110.50,0.45,-1,-1,-1
2449,821,457.33,260.00,76.00,74.67,0.44,-1,-1,-1
2454,822,824.00,376.67,326.67,234.00,0.47,-1,-1,-1
2455,823,556.67,287.00,133.33,114.67,0.47,-1,-1,-1
2456,824,462.00,260.00,71.33,71.00,0.47,-1,-1,-1
2487,825,0.00,372.33,93.17,168.67,0.46,-1,-1,-1
